"TOA5","4954","CR300","4954","CR310-CELL200.Std.10.07","CPU:OULAD_AYAD_MTO.CR300","61340","DATA_1j"
"TIMESTAMP","RECORD","Batterie","Temperature","Temperature_Min","Temperature_Max","Humidite","Humidite_Min","Humidite_Max","Temp_rosee","Temp_rosee_Min","Temp_rosee_Max","Vitesse","Direction","Dir_Ecart_type","Rafale","Temps_Rafale","Dir_Rafale","Rayonnement","Durree_Insolation","Pluie","ET0"
"TS","RN","Volts","Deg C","Deg C","Deg C","%","%","%","Deg C","Deg C","Deg C","m/s","Deg","Deg","m/s","m/s","degrees","kJ/m^2","hr","mm","mm"
"","","Min","Avg","Min","Max","Avg","Min","Max","Avg","Min","Max","WVc","WVc","WVc","Max","TMx","Smp","Smp","Smp","Tot","Smp"
"2023-03-30 23:59:00",99,12.66,24.34,12.65,35.02,25.66,9.72,48.92,2.142,-1.93,7.219,1.072,76.22,96.2,6.12,"2023-03-30 13:21:00",123,24166.41,10.67,0,5.302
"2023-03-31 23:59:00",100,12.59,23.28,11.52,33.86,29.1,9.35,55.91,2.496,-4.326,7.008,0.897,54.27,82.4,3.44,"2023-03-31 15:31:00",323,24999.62,10.87,0,5.185
"2023-04-01 23:59:00",101,12.57,21.67,12.26,32.71,38.39,10.65,66.62,4.903,-2.597,9.12,1.123,275.4,86.5,4.98,"2023-04-01 18:36:00",341,25298.54,10.92,0,5.36
"2023-04-02 23:59:00",102,12.54,20.84,11.6,31.38,43.37,12.92,70.22,6.045,-0.776,10.12,1.154,310.7,94.2,4.09,"2023-04-02 15:33:00",157,25395.36,10.98,0,5.188
"2023-04-03 23:59:00",103,12.58,20.01,11.5,29.95,52.24,11.63,87.4,7.876,-3.438,12.37,1.61,246.1,44.97,7.83,"2023-04-03 17:32:00",270,25120.74,10.88,0,5.296
"2023-04-04 23:59:00",104,12.74,16.03,9.34,23.77,53.31,24.32,73.27,5.931,0.333,9.87,1.968,276.3,38.5,6.28,"2023-04-04 14:06:00",316,22208.64,9.1,0,4.353
"2023-04-05 23:59:00",105,12.77,16.23,11.74,21.82,65.4,43.44,89.3,9.31,7.848,10.92,2.722,239.4,32.64,9.94,"2023-04-05 15:42:00",256,21507.59,10.17,0,4.07
"2023-04-06 23:59:00",106,12.78,19.66,11.18,27.44,52.3,26.87,83.3,8.64,6.094,10.72,1.316,250.7,89.7,5.37,"2023-04-06 20:01:00",270,21705.55,10.48,0,4.497
"2023-04-07 23:59:00",107,12.75,22.81,14.06,31.64,36.55,16.51,61.52,5.831,1.665,9.28,1.362,59.19,93.8,8.1,"2023-04-07 21:34:00",162,22811.92,10.58,0,4.983
"2023-04-08 23:59:00",108,12.77,21.95,15.66,30.08,43.56,20.59,68.81,8.36,3.604,11.39,1.768,115,85.4,12.95,"2023-04-08 15:14:00",160,10233.73,6.833,0,3.375
"2023-04-09 23:59:00",109,12.7,21.91,10.72,31.32,42.75,12.77,82.8,5.665,-0.864,11.33,1.314,207.7,96.4,6.15,"2023-04-09 22:17:00",189,23177.93,10.3,0,5.196
"2023-04-10 23:59:00",110,12.74,24.35,13.69,32.63,31.58,12.42,57.52,5.189,-1.597,9.14,1.384,51.31,72.12,6.24,"2023-04-10 20:30:00",325,24292.22,10.78,0,5.494
"2023-04-11 23:59:00",111,12.74,23.33,13.37,33.33,35.21,11.48,62.06,4.91,-0.862,9.2,1.103,293.5,89.3,6.09,"2023-04-11 19:36:00",358,25244.36,10.95,0,5.599
"2023-04-12 23:59:00",112,12.71,22.24,12.02,31.56,29.27,10.9,50.65,2.203,-3.206,5.197,1.194,252,75.64,6.15,"2023-04-12 17:03:00",274,25300.74,11,0,5.583
"2023-04-13 23:59:00",113,12.72,19.48,11.76,28.56,52.64,13.35,86.7,7.523,-2.671,11.43,1.296,276.8,67.95,5.2,"2023-04-13 16:22:00",227,26362.55,11.22,0,5.03
"2023-04-14 23:59:00",114,12.69,19.86,9.84,31.22,46.7,8.77,85.2,5.37,-6.644,10.73,1.047,264,83.6,4.72,"2023-04-14 13:26:00",359,26587.05,11.32,0,5.216
"2023-04-15 23:59:00",115,12.7,22.41,10.38,34.63,35.31,8.37,73.29,3.737,-4.809,8.55,1.078,34.64,95.3,4.69,"2023-04-15 19:31:00",2,27468.33,11.38,0,5.827
"2023-04-16 23:59:00",116,12.69,24.08,11.35,35.29,32.23,8.56,63.07,3.673,-3.537,8.93,1.03,234.9,72.81,3.83,"2023-04-16 16:10:00",336,27423.79,11.42,0,5.895
"2023-04-17 23:59:00",117,12.71,26.2,13.69,36.22,30.72,9.7,62.55,5.156,-0.916,9.94,1.216,310.5,91.6,5.25,"2023-04-17 15:29:00",334,26852.36,11.18,0,6.152
"2023-04-18 23:59:00",118,12.74,25.82,14.79,36.94,27.62,11.82,49.31,4.78,1.984,9.63,1.661,245.2,66.12,9.83,"2023-04-18 16:48:00",189,22179.47,9.55,0,5.928
"2023-04-19 23:59:00",119,12.72,21.84,16.93,27.93,54.32,34.95,78.01,11.89,8.43,13.83,2.209,257.2,59.45,8.81,"2023-04-19 16:28:00",286,24679.06,10.68,0,5.417
"2023-04-20 23:59:00",120,12.74,19.79,13.88,26.28,60.17,30.59,89.9,11.01,6.663,13.56,1.579,272.2,48.49,6.33,"2023-04-20 02:01:00",263,23777.87,10.82,0,4.695
"2023-04-21 23:59:00",121,12.74,19.64,13.19,27.4,52.99,27.71,86.8,8.62,4.848,11.97,1.662,271.7,41.87,4.77,"2023-04-21 16:37:00",258,24961.8,10.98,0,4.941
"2023-04-22 23:59:00",122,12.72,20.13,11.43,28.38,48.64,24.37,81.7,7.785,5.417,11.01,1.216,266.3,72.22,4.27,"2023-04-22 16:40:00",278,24917.61,11.27,0,4.964
"2023-04-23 23:59:00",123,12.72,22.65,13.93,32.81,47.54,21.67,76.7,9.62,7.307,12.16,1.095,267.1,83.6,4.13,"2023-04-23 18:39:00",319,25182.51,11.37,0,5.208
"2023-04-24 23:59:00",124,12.71,24.79,14.32,35.87,37.26,12.82,65.02,7.066,2.195,11.35,1.107,280.1,88.1,5.33,"2023-04-24 17:45:00",336,25810,11.37,0,5.649
"2023-04-25 23:59:00",125,12.73,27.94,15.48,38.85,25.19,9.79,49.56,4.264,0.153,10.47,1.11,302.3,99.7,5.99,"2023-04-25 19:38:00",320,25621.07,11.37,0,6.055
"2023-04-26 23:59:00",126,12.72,29.03,16.12,39.84,24.9,9.82,44.5,5.154,1.492,11.04,1.141,225.4,97.3,10.3,"2023-04-26 20:03:00",250,25328.49,10.75,0,6.073
"2023-04-27 23:59:00",127,12.74,31.67,19.57,41.43,23.85,8.35,51.43,6.352,0.673,10.72,1.473,331.6,94.6,7.63,"2023-04-27 20:54:00",248,25351.49,10.68,0,6.667
"2023-04-28 23:59:00",128,12.7,29.52,20.33,39.05,26.85,13.9,39.48,7.873,4.174,12.11,1.665,248.7,71.65,7.63,"2023-04-28 18:34:00",267,25104.15,10.82,0,6.744
"2023-04-29 23:59:00",129,12.7,26,18.55,34.77,41.72,15.64,76.56,10.17,2.46,14.91,1.502,300.3,77.03,4.53,"2023-04-29 05:12:00",267,25208.25,11.32,0,5.565
"2023-04-30 23:59:00",130,12.73,24.89,17.6,33.09,37.64,18.67,61.89,8.62,5.25,11.17,1.606,266.4,61.7,7.67,"2023-04-30 19:50:00",327,22874.21,11.57,0,5.441
"2023-05-01 23:59:00",131,12.73,24.4,14.7,34.84,42.93,13,87.7,7.95,-1.572,13.75,1.19,302.8,83.1,5.11,"2023-05-01 14:29:00",314,27229.58,11.38,0,5.705
"2023-05-02 23:59:00",132,12.73,27.27,17.12,38.46,29.38,11.92,52.61,6.189,-0.6,10.41,1.266,251.1,64.78,5.92,"2023-05-02 16:29:00",319,25590.17,11.57,0,6.119
"2023-05-03 23:59:00",133,12.71,26.18,18.78,34.15,30.68,12.46,50.82,6.55,1.07,12.47,1.538,252.1,50.4,5.92,"2023-05-03 16:30:00",259,22029.14,11.05,0,5.548
"2023-05-04 23:59:00",134,12.75,24.59,17.75,33,38.91,20.33,61.31,8.61,4.929,13.15,1.501,269.5,58.2,5.51,"2023-05-04 20:27:00",352,24511.2,10.95,0,5.573
"2023-05-05 23:59:00",135,12.74,23.01,16.08,31.4,46.29,22.43,64.07,10.15,7.09,12.09,1.799,268.4,39.77,6.3,"2023-05-05 12:45:00",332,25120.21,11.15,0,5.531
"2023-05-06 23:59:00",136,12.71,21.85,14.94,30.59,51.11,22.81,82.3,10.03,4.706,13.14,2.093,277.1,49.98,7.88,"2023-05-06 20:31:00",323,26730.03,11.8,0,5.541
"2023-05-07 23:59:00",137,12.7,22.84,12.78,33.58,42.53,10.84,71.25,7.585,-1.715,13.41,1.287,309.5,78.9,5.03,"2023-05-07 21:06:00",23,27363.52,11.8,0,5.723
"2023-05-08 23:59:00",138,12.7,26.16,15.76,37.84,44.17,13.05,80.3,10.21,2.562,14.12,1.156,286.8,83.1,4.56,"2023-05-08 14:23:00",90,27207.04,11.77,0,6.027
"2023-05-09 23:59:00",139,12.71,27.86,17.21,38.49,31.28,9.83,53.48,7.43,0.192,11.83,1.137,284.7,81.2,4.41,"2023-05-09 16:09:00",357,27792.29,11.87,0,6.385
"2023-05-10 23:59:00",140,12.72,27.57,17.34,37.8,35.16,11.57,63.73,8.84,2.349,11.68,1.222,284.8,73.91,4.44,"2023-05-10 19:11:00",312,28107.11,11.95,0,6.352
"2023-05-11 23:59:00",141,12.7,25.39,16.64,35.23,39.31,12.12,63.11,8.92,0.971,11.77,1.714,272.4,47.48,7.61,"2023-05-11 19:41:00",313,27910.78,11.95,0,6.407
"2023-05-12 23:59:00",142,12.7,22.79,14.76,32.6,45.8,14.63,80.7,8.63,1.052,12.34,2.078,276.2,39.1,5.77,"2023-05-12 20:23:00",322,27519.66,11.52,0,6.055
"2023-05-13 23:59:00",143,12.72,21.14,14.09,30,48.17,12.43,87,7.378,-2.37,12.37,2.164,286.5,51.46,6.94,"2023-05-13 19:13:00",320,27942.37,11.82,0,5.866
"2023-05-14 23:59:00",144,12.71,21.31,12.53,30.42,39.31,13.58,76.81,4.855,-2.345,10.02,1.317,283,87.3,4.94,"2023-05-14 15:37:00",324,26725.86,11.88,0,5.484
"2023-05-15 23:59:00",145,12.67,22.51,10.77,32.19,27.82,8.03,50.96,0.823,-6.699,6.739,1.17,286.4,76.79,4.99,"2023-05-15 17:22:00",339,27444.53,12,0,5.974
"2023-05-16 23:59:00",146,12.7,21.33,13.69,29,40.15,12.97,83.4,6.323,-2.297,14.96,1.716,257.3,43.24,5.63,"2023-05-16 20:32:00",307,20821.98,10.75,0.3,4.865
"2023-05-17 23:59:00",147,12.72,18.28,13.77,24.11,66.74,32.63,95.9,11.31,5.906,14.87,2.055,260.8,42.03,6.4,"2023-05-17 12:17:00",260,13695.78,9.7,2.5,3.044
"2023-05-18 23:59:00",148,12.74,16.36,12.8,23.25,72.45,36.81,94.9,11.06,6.922,13.92,1.676,260.4,71.56,5.4,"2023-05-18 10:42:00",259,13107.78,9.85,4.6,2.598
"2023-05-19 23:59:00",149,12.75,17.82,12.13,24.66,64.51,29.96,96.8,9.86,5.529,13.77,0.889,337.8,93.3,4.14,"2023-05-19 14:09:00",318,23382.02,11.05,0,4.235
"2023-05-20 23:59:00",150,12.73,20.08,11.42,27.93,54.88,25.24,91.6,9.45,5.6,12.29,1.372,277.5,71.14,5.55,"2023-05-20 14:00:00",329,24293.14,11.3,0,4.989
"2023-05-21 23:59:00",151,12.75,16.38,12.7,21.89,66.08,41.53,84.8,9.87,4.716,12.34,1.889,267.1,49.15,8.83,"2023-05-21 13:26:00",326,9911.623,8.13,0,2.189
"2023-05-22 23:59:00",152,12.73,17.26,10.17,25.07,61,29.1,90.8,8.56,4.599,12.51,1.455,288.9,70.51,5.77,"2023-05-22 16:55:00",316,20663.54,10.28,0,4.157
"2023-05-23 23:59:00",153,12.73,18.81,11.82,25.98,54.74,27.66,87.7,8.52,4.297,11.29,1.368,267.3,62.07,5.98,"2023-05-23 19:07:00",328,20207.16,11.6,0,4.125
"2023-05-24 23:59:00",154,12.75,20.23,13.08,27.56,54.98,27.25,85.3,9.76,5.941,12.32,1.253,279.6,68.49,6.05,"2023-05-24 16:49:00",324,22468.92,11.72,0,4.568
"2023-05-25 23:59:00",155,12.74,22.1,14.32,29.92,55.35,28.43,85.1,11.68,9.26,13.48,1.432,268,62.11,6.81,"2023-05-25 21:07:00",308,22297.62,11.65,0,4.812
"2023-05-26 23:59:00",156,12.75,22.15,16.73,29.72,56.77,29.57,79.73,12.48,9.6,14.4,2.1,274.5,40.53,5.58,"2023-05-26 04:51:00",249,18979.91,10.32,0,4.427
"2023-05-27 23:59:00",157,12.75,20.37,16.67,24.7,60.4,39.65,82.4,12.07,9.64,13.91,1.422,282.6,44.53,4.37,"2023-05-27 02:49:00",251,11159.61,8.85,0,2.576
"2023-05-28 23:59:00",158,12.74,21.11,16.64,27.46,56.11,30.73,77.66,11.28,8.07,13.47,1.75,277.3,55.96,6.09,"2023-05-28 10:38:00",186,18071.06,11.45,0,3.984
"2023-05-29 23:59:00",159,12.75,19.92,13.93,26.34,57.06,33.09,84.1,10.54,7.29,15.13,1.546,258.2,69.54,7.88,"2023-05-29 15:14:00",290,12967.69,8.33,1.4,3.35
"2023-05-30 23:59:00",160,12.71,21.22,13.33,28.2,55.86,21.94,91.9,10.31,3.939,14.93,1.208,271.7,75.55,4.84,"2023-05-30 13:52:00",307,25683.58,11.67,0,5.146
"2023-05-31 23:59:00",161,12.76,23.15,14.11,31.72,48.94,23.51,81.4,10.36,6.311,12.82,1.228,276.6,82.1,4.78,"2023-05-31 16:00:00",15,24512.99,11.48,0,5.318
"2023-06-01 23:59:00",162,12.73,23.64,16.77,30.7,46.93,27.26,70.54,10.93,8.17,12.7,1.929,272.4,42.92,6.54,"2023-06-01 20:09:00",331,23966.98,11.18,0,5.498
"2023-06-02 23:59:00",163,12.77,23.22,17.3,29.63,44.88,24.35,73.4,9.67,5.333,13.85,1.878,274.2,50.34,5.48,"2023-06-02 20:58:00",303,23944.32,11.68,0,5.472
"2023-06-03 23:59:00",164,12.75,23.64,17.49,31.99,47.32,26.39,67.1,11.09,8.55,13.39,1.59,291.6,59.44,8.56,"2023-06-03 20:41:00",330,22434,10.37,0,5.048
"2023-06-04 23:59:00",165,12.77,23.68,17.41,30.78,53.06,32.08,77.83,12.99,11.68,14.62,2.072,275.3,40.88,6.04,"2023-06-04 18:41:00",281,21692.61,10.68,0,5.009
"2023-06-05 23:59:00",166,12.72,24.57,17.43,32.7,53.26,29.56,79.32,13.63,11.54,15.02,1.663,281.8,64.22,6.03,"2023-06-05 20:19:00",312,23013.29,11.1,0,5.243
"2023-06-06 23:59:00",167,12.78,26.85,21.13,32.97,43.55,31.14,65.1,13.04,10.51,16.12,1.542,275.2,61.02,6.83,"2023-06-06 23:14:00",263,17121.81,10.52,0,4.481
"2023-06-07 23:59:00",168,12.73,26.99,18.54,35.17,43.74,23.96,68.34,12.61,9.84,17.6,1.348,275.8,72.51,6.08,"2023-06-07 00:14:00",235,23027.42,11.28,0,5.497
"2023-06-08 23:59:00",169,12.74,24.54,20.69,29.96,60.67,45.54,79.4,16.22,11.78,18.67,1.807,273.4,44.17,7.73,"2023-06-08 13:24:00",254,13031.37,8.28,0.7,3.606
"2023-06-09 23:59:00",170,12.68,22.97,16.26,30.27,56.98,28.11,89.2,13.03,8.1,15.7,1.128,280.4,72.52,5.09,"2023-06-09 21:45:00",344,22284.83,11.22,0,4.737
"2023-06-10 23:59:00",171,12.73,23.57,18.63,31,53.03,32.53,68.07,12.9,11.79,13.85,1.764,273.2,46.74,6.61,"2023-06-10 21:42:00",326,21097.62,10.35,0,4.811
"2023-06-11 23:59:00",172,12.74,24.9,16.76,33.68,49.86,27.65,73.99,12.87,11.25,14.61,1.417,278.5,61.73,6.45,"2023-06-11 20:51:00",321,26335.72,12.13,0,5.801
"2023-06-12 23:59:00",173,12.77,25.28,17.81,33.48,45.95,22.37,72.46,11.71,7.27,14.16,1.91,274.5,43.19,5.98,"2023-06-12 19:21:00",280,26261.42,12.05,0,6.229
"2023-06-13 23:59:00",174,12.74,23.85,17.16,32.63,52.8,30.8,81.9,12.92,10.82,14.92,1.878,280.5,52.7,6.81,"2023-06-13 17:38:00",244,25577.2,12.17,0,5.725
"2023-06-14 23:59:00",175,12.64,25.5,16.09,35.87,46.82,18.82,75.03,11.68,6.64,14.59,1.027,300.9,85.7,4.32,"2023-06-14 15:27:00",335,26918.44,12.32,0,5.812
"2023-06-15 23:59:00",176,12.64,28.48,17.83,39.07,46.03,18.77,82.8,13.83,10.58,16.46,1.534,263.5,59.87,6.99,"2023-06-15 21:24:00",262,26295.9,12.17,0,6.406
"2023-06-16 23:59:00",177,12.74,30.51,21.23,40.59,36.43,18.35,56.64,12.85,11.15,14.97,1.827,259.5,55.07,7.57,"2023-06-16 20:08:00",255,26296.58,12.13,0,6.993
"2023-06-17 23:59:00",178,12.72,28.31,20.83,36.77,47.55,20.39,78.15,14.89,9.84,18.02,2.307,270.9,27.82,6.73,"2023-06-17 19:10:00",280,26196.27,12.05,0,6.752
"2023-06-18 23:59:00",179,12.73,25.94,18.9,33.93,52.94,27.79,87.4,14.52,11.15,17.51,1.963,276.5,35.04,6.18,"2023-06-18 16:02:00",233,25648.41,11.93,0,6.023
"2023-06-19 23:59:00",180,12.75,25.53,18.82,32.93,49.56,26.64,80.4,13.23,9.39,16.03,2.234,277.6,37.36,6.16,"2023-06-19 13:12:00",248,24736.06,11.17,0,5.949
"2023-06-20 23:59:00",181,12.71,25.17,17.99,33.02,53.41,30.89,82.1,14.22,11.97,15.48,1.592,279.4,59.28,5.7,"2023-06-20 21:12:00",324,23713.38,11.7,0,5.332
"2023-06-21 23:59:00",182,12.73,25.55,19.18,32.56,50.59,31.59,72.37,13.94,12.86,15.8,1.877,273.4,45.01,5.92,"2023-06-21 21:13:00",324,22888.55,12.07,0,5.421
"2023-06-22 23:59:00",183,12.76,27.65,19.17,36.94,45.26,25.48,67.8,13.88,11.95,15.29,1.358,275.3,64.31,5.35,"2023-06-22 17:56:00",267,26574.09,12.2,0,6.189
"2023-06-23 23:59:00",184,12.74,29.38,19.98,39.88,42.75,20.62,66.09,14.46,12.15,16.34,1.906,263.4,42.88,8.52,"2023-06-23 20:12:00",260,26775.24,12.08,0,6.842
"2023-06-24 23:59:00",185,12.73,32.54,20.71,44.52,38.49,7.517,69.53,13.72,1.431,18.25,1.492,270.8,75.44,9.01,"2023-06-24 19:54:00",328,26750.7,11.88,0,6.98
"2023-06-25 23:59:00",186,12.75,34.9,22.32,45.52,32.4,7.133,72.86,11.5,1.168,19.06,1.479,2.137,84.2,7.47,"2023-06-25 20:05:00",357,25989.27,10.87,0,6.872
"2023-06-26 23:59:00",187,12.73,36.56,27.14,45.92,16.78,7.708,30.14,6.355,2.171,11.39,1.606,128.1,97.5,11.02,"2023-06-26 17:34:00",158,23323.86,11.35,0,7.207
"2023-06-27 23:59:00",188,12.72,35.73,24.43,45.19,15.56,7.7,31.33,4.456,-0.684,9.77,1.543,120.5,89.3,8.63,"2023-06-27 16:59:00",158,24896.41,10.42,0,7.425
"2023-06-28 23:59:00",189,12.73,33.66,24.49,42.2,19.52,6.485,43.12,5.072,-2.105,15.04,1.726,270.2,47.55,5.81,"2023-06-28 23:44:00",263,26751.93,12,0,7.363
"2023-06-29 23:59:00",190,12.69,29.72,20.66,39.36,40.47,16.66,67.64,13.38,7.737,16.9,1.435,285.8,70.56,6.29,"2023-06-29 18:55:00",355,23843.21,11.57,0,5.865
"2023-06-30 23:59:00",191,12.69,30.01,21.45,40.36,38.42,12.93,67.14,12.71,6.1,17.19,1.568,276.2,52.67,6.6,"2023-06-30 18:55:00",262,24447.79,11.73,0,6.16
"2023-07-01 23:59:00",192,12.71,28.36,19.35,38.19,41.82,13.8,74.62,12.04,5.685,15.93,1.566,258.8,39.97,4.98,"2023-07-01 20:16:00",258,25602.42,11.9,0,6.176
"2023-07-02 23:59:00",193,12.73,30.83,20.61,40.81,32.54,12.49,55.53,10.9,5.668,13.21,1.216,252.1,57.78,4.93,"2023-07-02 17:00:00",286,25765.64,11.93,0,6.374
"2023-07-03 23:59:00",194,12.73,30.44,21.53,40.11,38.76,10.87,67.84,12.6,3.698,16.21,1.535,268.4,45.08,6.36,"2023-07-03 18:25:00",260,27230.14,12.2,0,6.79
"2023-07-04 23:59:00",195,12.7,29.96,20.89,39.54,40.98,12.96,74.62,13.16,5.365,16.92,1.562,264.2,49.49,5.66,"2023-07-04 19:31:00",261,25620.31,12.17,0,6.479
"2023-07-05 23:59:00",196,12.72,30.99,20.44,40.46,32.67,8.51,60,10.38,0.335,14.83,1.407,248.3,49.11,5.48,"2023-07-05 20:51:00",333,27344.9,12.25,0,6.821
"2023-07-06 23:59:00",197,12.72,30.06,20.89,39.84,31.4,12.75,54.32,9.77,5.3,12.47,1.623,267.6,48.26,6.04,"2023-07-06 17:37:00",260,27011.11,12.17,0,6.936
"2023-07-07 23:59:00",198,12.68,26.64,19.28,34.9,49.01,22,87.3,13.69,9.34,17.19,2.289,277.6,34.25,6.23,"2023-07-07 08:27:00",264,26850.61,12.22,0,6.331
"2023-07-08 23:59:00",199,12.71,26.85,18.35,36.17,48.66,26.07,78.39,13.95,10.34,15.52,1.564,270.7,53.42,4.99,"2023-07-08 12:18:00",256,26305.29,12.07,0,5.885
"2023-07-09 23:59:00",200,12.72,29.3,19.62,39.24,45.66,20.64,76.42,14.88,11.79,16.5,1.527,270,50.78,6.99,"2023-07-09 14:24:00",281,26075.9,12.25,0,6.124
"2023-07-10 23:59:00",201,12.72,33.53,22.09,46.79,33.92,6.758,61.81,13.13,1.545,21.65,1.792,261.7,60.61,9.77,"2023-07-10 23:12:00",72,25024.28,11.43,0.9,6.975
"2023-07-11 23:59:00",202,12.7,34.92,22.11,46.9,34.38,6.08,76.5,13.21,0.149,18.77,1.535,303.7,82.8,6.46,"2023-07-11 15:04:00",274,25924.01,11.67,0,7.019
"2023-07-12 23:59:00",203,12.69,35.1,24.49,46.17,32.66,7.503,59.57,13.95,2.885,18.1,1.372,283,73.27,6.27,"2023-07-12 16:44:00",335,25078.83,11.58,0,6.717
"2023-07-13 23:59:00",204,12.7,34.51,23.57,44.95,26.28,10.79,49.79,10.53,3.798,15.91,1.101,272.7,83.5,4.85,"2023-07-13 02:10:00",262,24177.13,11.67,0,6.102
"2023-07-14 23:59:00",205,12.69,32.18,21.59,41.93,28.4,9.97,51.86,9.75,3.425,13.92,1.882,263,36.57,6.34,"2023-07-14 17:40:00",255,25956.57,11.98,0,7.323
"2023-07-15 23:59:00",206,12.7,28.72,20.27,38.09,43.46,12.23,77.68,13.35,3.182,17.1,1.91,275.2,43.15,5.7,"2023-07-15 20:04:00",321,25446.41,11.53,0,6.147
"2023-07-16 23:59:00",207,12.7,28.67,19.24,39.74,50.66,17.93,83.2,15.92,10.72,17.56,2.285,264,43.64,8.66,"2023-07-16 21:26:00",268,26154.93,12.03,0,6.426
"2023-07-17 23:59:00",208,12.68,30.13,18.96,42.49,44.77,17.03,76.68,15.12,11.76,17.41,1.451,270.1,65.45,7.26,"2023-07-17 17:42:00",266,23251.17,11.2,0,6.048
"2023-07-18 23:59:00",209,12.72,34.18,27.73,43.68,30.7,15,43.67,13.7,10.75,16.35,1.751,144.4,95.1,8.59,"2023-07-18 14:24:00",281,18130.28,9.5,0,5.834
"2023-07-19 23:59:00",210,12.73,35.2,24.68,43.23,29.53,13.31,51.38,13.72,8.91,16.18,1.906,246.9,74.7,8.46,"2023-07-19 20:54:00",264,25481.46,11.85,0,7.426
"2023-07-20 23:59:00",211,12.66,30.56,22.13,40.19,44.85,23.47,67.52,16.37,14.54,18.06,2.237,264.5,41.5,10.25,"2023-07-20 20:07:00",258,25270.63,11.68,0,6.824
"2023-07-21 23:59:00",212,12.72,28.89,21.1,38.48,47.99,23.81,74.36,15.75,13.59,17.06,2.029,269.9,38.97,7.87,"2023-07-21 19:13:00",265,24626.78,11.25,0,6.218
"2023-07-22 23:59:00",213,12.7,27.93,19.76,37.29,50.25,26.06,78.15,15.55,14.22,16.5,2.29,267.1,36.94,7,"2023-07-22 21:02:00",261,25232.78,11.48,0,6.16
"2023-07-23 23:59:00",214,12.71,28.91,20.34,39.69,48.92,23.24,78.81,15.96,12.6,17.62,2.104,269.3,43.18,9.57,"2023-07-23 18:29:00",254,24561.79,10.88,0,6.441
"2023-07-24 23:59:00",215,12.71,27.73,21.37,36.15,48.38,26.07,75.74,14.83,11.66,17.23,2.085,270.7,32.96,5.63,"2023-07-24 09:17:00",246,24103.91,11.23,0,5.859
"2023-07-25 23:59:00",216,12.72,27.02,18.9,36.14,50.26,25.99,81.1,14.71,12.97,16.09,2.075,268.7,32.61,5.94,"2023-07-25 17:46:00",235,25820.79,11.87,0,6.121
"2023-07-26 23:59:00",217,12.69,26.43,17.83,36.33,50.78,18.98,85.5,13.6,8.84,16.18,1.832,269.4,34.97,5.07,"2023-07-26 15:33:00",303,25777.84,11.85,0,5.941
"2023-07-27 23:59:00",218,12.71,25.42,17.2,35.13,52.33,22.61,84.7,13.55,9.62,15.19,1.973,272.2,44.73,6.04,"2023-07-27 04:57:00",276,25833.62,11.88,0,5.78
"2023-07-28 23:59:00",219,12.74,26.64,17.67,36.55,50.18,27.5,80.4,14.34,12.53,15.75,1.944,262.4,46.51,5.26,"2023-07-28 21:57:00",255,25174.14,11.73,0,5.784
"2023-07-29 23:59:00",220,12.7,29.54,20.76,39.55,44.3,19.85,71.58,14.92,11.68,16.59,1.746,257.4,32.96,5.5,"2023-07-29 19:42:00",279,24586.82,11.32,0,6.232
"2023-07-30 23:59:00",221,12.69,31.51,22.22,41.89,40.39,18.73,67.02,15.02,11.89,16.44,1.501,263.4,53.25,6.8,"2023-07-30 22:11:00",253,24892.62,11.55,0,6.276
"2023-07-31 23:59:00",222,12.69,31.76,21.81,43.15,40.59,14.21,69.91,14.94,9.59,18.24,1.297,280.4,75.8,4.89,"2023-07-31 16:51:00",324,23473.46,11.55,0,5.863
"2023-08-01 23:59:00",223,12.68,30.23,21.27,40.76,34.13,15.56,50.03,11.55,8.17,14.85,1.681,263.3,47.75,4.74,"2023-08-01 20:32:00",296,25028.33,11.62,0,6.362
"2023-08-02 23:59:00",224,12.66,27.41,18.43,37.58,50.13,17.31,87,14.16,8.3,16.78,1.841,264.1,34.82,6.04,"2023-08-02 14:56:00",250,25575.37,11.68,0,5.995
"2023-08-03 23:59:00",225,12.7,27.45,18.83,37.52,53.95,19.36,87.8,15.68,8.55,17.84,1.866,280.7,55.33,5.54,"2023-08-03 20:17:00",342,25311.61,11.7,0,5.739
"2023-08-04 23:59:00",226,12.69,28.43,19.22,38.76,48.73,15.01,82.5,14.61,4.675,17.85,1.608,278.2,61.29,5.31,"2023-08-04 05:24:00",272,25165.87,11.67,0,5.792
"2023-08-05 23:59:00",227,12.67,31.71,20.38,43.87,34.18,12.59,58.18,12.31,8.39,16.79,1.62,257.4,65.98,6.93,"2023-08-05 20:07:00",262,25026.11,11.5,0,6.509
"2023-08-06 23:59:00",228,12.72,32.83,24.12,42.13,36.17,20.63,53.87,15.12,12.83,16.93,1.605,292,73.97,7.35,"2023-08-06 18:36:00",254,21377.05,10.12,0,6.136
"2023-08-07 23:59:00",229,12.7,32.88,23.77,43.84,39.15,9.67,61.12,15.7,4.742,18.59,1.288,242.8,76.3,9.56,"2023-08-07 16:05:00",260,18334.6,10.25,0,5.3
"2023-08-08 23:59:00",230,12.68,32.04,24.46,41.94,45.12,24.33,67.65,17.91,15.75,19.56,1.502,276.5,65.62,6.2,"2023-08-08 17:38:00",238,19882.22,10.45,0,5.533
"2023-08-09 23:59:00",231,12.7,35.02,26.01,45.38,36.92,11.65,63.01,15.89,8.5,20.55,1.803,268.7,85.9,10.36,"2023-08-09 23:15:00",130,22376.24,10.47,0,6.389
"2023-08-10 23:59:00",232,12.69,36.13,25.22,46.97,25.98,10.05,47.74,12.06,7.52,16.71,2.104,137,84.1,13.45,"2023-08-10 17:03:00",127,21465.73,9.45,0.1,7.022
"2023-08-11 23:59:00",233,12.71,36.83,26.9,46.85,22.59,10.69,39.24,10.98,7.053,15.7,1.672,85.7,52.47,9.1,"2023-08-11 17:11:00",136,20540.37,9.6,0,6.459
"2023-08-12 23:59:00",234,12.7,36.99,26.77,46.66,20.46,10.66,35.5,9.81,6.196,14.25,1.213,102.9,86.1,7.1,"2023-08-12 18:13:00",176,22200.83,10.37,0,6.094
"2023-08-13 23:59:00",235,12.66,35.87,25.72,46.09,19.48,8.49,38.77,7.446,3.002,12.98,1.21,77.49,95.8,7.9,"2023-08-13 22:59:00",240,24442.23,10.85,0,6.426
"2023-08-14 23:59:00",236,12.68,33.39,25.16,43.38,27.79,12.45,44.99,11.36,7.641,16.07,1.854,245.1,92.5,14.79,"2023-08-14 18:42:00",130,21887.2,10.2,0.2,6.623
"2023-08-15 23:59:00",237,12.67,31.98,22.8,41.26,34.13,13.13,61.27,12.62,7.412,16.9,1.477,273.5,69.81,5.51,"2023-08-15 16:39:00",255,24931.63,11.42,0,6.354
"2023-08-16 23:59:00",238,12.68,29.97,20.43,39.7,36.13,14.69,63.04,11.93,7.309,14.15,1.424,255.3,49.44,5.07,"2023-08-16 18:32:00",254,24092.24,11.25,0,6.05
"2023-08-17 23:59:00",239,12.68,30.37,20.69,40.44,38.33,13.61,70.77,12.8,6.04,16.71,1.264,254.2,57.2,5.08,"2023-08-17 17:14:00",238,23853.8,10.83,0,5.891
"2023-08-18 23:59:00",240,12.67,32.78,21.5,43.87,29.43,10.32,49.35,10.78,5.179,14.25,1.079,267.3,84.8,5.58,"2023-08-18 15:03:00",237,23195.07,11.32,0,5.728
"2023-08-19 23:59:00",241,12.66,34.02,22.71,45,28.21,9.87,52.82,11.04,5.543,15.57,1.293,210.5,99.8,12.04,"2023-08-19 17:28:00",324,20560.66,10.08,0,5.99
"2023-08-20 23:59:00",242,12.68,35.83,25.02,45.52,20.76,8.71,37.32,8.66,4.154,12.94,1.233,295,102.5,7.26,"2023-08-20 16:00:00",29,20837.82,9.62,0,6.129
"2023-08-21 23:59:00",243,12.66,35.01,24.21,43.84,21.47,7.801,40.07,8.23,1.581,13.41,0.953,57.89,79.17,4.47,"2023-08-21 14:14:00",89,23297.49,11.4,0,5.944
"2023-08-22 23:59:00",244,12.69,35.99,27.37,44.7,21.58,10,35.62,9.5,4.672,13.59,1.707,249.4,89,11.32,"2023-08-22 21:13:00",238,23471.18,10.57,0,6.872
"2023-08-23 23:59:00",245,12.65,36.05,26.59,44.65,20.85,9.76,34.58,9.34,5.025,14.1,1.877,157.3,89.8,9.96,"2023-08-23 19:43:00",81,21609.63,10.32,0,6.706
"2023-08-24 23:59:00",246,12.65,35.61,24.19,44.52,21.88,9.85,38.01,9.39,5.371,13.25,1.632,112.5,94.3,10.07,"2023-08-24 18:15:00",186,23290.36,10.73,0,6.838
"2023-08-25 23:59:00",247,12.64,35.61,24.18,44.27,21.76,8.86,39.81,8.99,3.66,13.72,1.217,7.243,98.6,4.81,"2023-08-25 16:37:00",352,24549.88,11.22,0,6.338
"2023-08-26 23:59:00",248,12.65,32.59,23.91,40.07,31.44,17.07,47.65,12.94,9.16,15.77,1.419,273.1,63.92,7.03,"2023-08-26 17:57:00",262,23830.29,11.23,0,6.306
"2023-08-27 23:59:00",249,12.7,29.52,23.09,38.04,38.51,20.97,71.27,12.97,7.078,17.97,1.902,292.5,56.82,5.61,"2023-08-27 08:15:00",260,23554.34,11.02,0,6.008
"2023-08-28 23:59:00",250,12.66,27.05,18.25,37.02,33.37,7.224,56.46,7.318,-4.442,10.7,1.385,287.6,63.05,4.13,"2023-08-28 02:01:00",237,24378.53,11.22,0,5.544
"2023-08-29 23:59:00",251,12.67,27.58,18.98,36.38,30.77,12.05,48.86,7.4,2.226,10.27,1.418,258,46.73,5.88,"2023-08-29 10:54:00",284,24700.67,11.23,0,5.858
"2023-08-30 23:59:00",252,12.69,26.76,19.1,35.14,43.63,16.9,76.16,11.87,5.778,16.43,1.643,274.8,51.22,4.75,"2023-08-30 11:20:00",318,24352.08,11.18,0,5.536
"2023-08-31 23:59:00",253,12.7,26.92,18.89,35.85,46.76,20.95,76.33,13.31,9.18,15.26,1.543,269.9,49.36,5.88,"2023-08-31 20:17:00",265,23725.92,11.07,0,5.546
"2023-09-01 23:59:00",254,12.72,26.05,20.29,33.28,46.35,21.41,68.22,12.66,7.717,15.33,1.934,274.5,32.63,6.57,"2023-09-01 20:12:00",269,22136.97,10.92,0,5.392
"2023-09-02 23:59:00",255,12.7,21.86,19.18,25.18,62.74,50.7,76.71,14.32,12.08,15.33,1.391,275.6,77.52,6.22,"2023-09-02 00:48:00",251,9281.302,8.83,0,2.197
"2023-09-03 23:59:00",256,12.72,21.77,17.54,25.86,58.67,38.88,82.5,12.9,9.82,14.95,1.854,256,46.12,6.25,"2023-09-03 13:23:00",262,12174.7,7.05,0,3.133
"2023-09-04 23:59:00",257,12.69,23.26,15.87,30.17,52.61,27.61,78.88,12.24,8.31,14.16,1.252,278,73.77,7.48,"2023-09-04 21:49:00",325,23400.96,11.1,0,5.015
"2023-09-05 23:59:00",258,12.7,24.44,17.2,30.51,50.79,33.32,76.08,13.01,11.41,14.71,1.464,254.2,45.74,4.99,"2023-09-05 15:29:00",256,19327.68,11.05,0,4.306
"2023-09-06 23:59:00",259,12.72,27.59,20.07,36.59,43.92,17.35,69.55,12.71,6.917,15.5,1.099,257.1,70,4.78,"2023-09-06 18:03:00",297,20805.75,10.33,0,4.784
"2023-09-07 23:59:00",260,12.69,29.06,22.22,36.55,33.53,18.38,51.98,10.52,7.023,14.28,1.336,269.8,63.82,4.52,"2023-09-07 14:06:00",280,23350.91,10.57,0,5.624
"2023-09-08 23:59:00",261,12.71,28.29,20.54,35.66,37.38,23,58.17,11.67,7.745,15.83,1.429,264.3,59.73,5.85,"2023-09-08 15:53:00",302,23156.34,10.93,0,5.526
"2023-09-09 23:59:00",262,12.67,25.69,18.36,33.48,49.62,26.6,79.6,13.55,10.92,16.12,1.559,260.9,47.45,5.39,"2023-09-09 00:36:00",223,22966.26,10.85,0,5.052
"2023-09-10 23:59:00",263,12.7,25.93,18.83,33.25,51.06,24.36,82.5,14.05,9.9,16.81,1.713,267,44.09,5.2,"2023-09-10 14:40:00",284,22777.41,10.87,0,5.163
"2023-09-11 23:59:00",264,12.69,25.68,19.57,32.86,53.5,24.56,78.54,14.57,9.69,16.26,1.967,279.9,43.07,5.53,"2023-09-11 20:54:00",343,22778.44,10.77,0,5.327
"2023-09-12 23:59:00",265,12.7,24.75,19.88,31.99,56.11,30.6,77.81,14.7,12.05,16.52,1.517,283.8,57.86,4.83,"2023-09-12 20:24:00",323,19355.15,9.57,0,4.325
"2023-09-13 23:59:00",266,12.68,24.8,17.61,32.7,53.36,29.9,77.2,13.99,12.51,15.69,1.426,268.3,57.08,5.12,"2023-09-13 20:36:00",313,22311.79,10.7,0,4.876
"2023-09-14 23:59:00",267,12.71,24.62,18.94,32.02,58.41,36.46,80,15.43,14.4,16.43,1.581,261.2,75.26,6.7,"2023-09-14 21:41:00",253,16266.77,10.1,0,3.578
"2023-09-15 23:59:00",268,12.68,24.79,19.22,31.96,54.88,34.19,74.43,14.55,12.95,16.75,2.202,267.2,37.82,5.98,"2023-09-15 09:09:00",259,21397.74,10.38,0,4.894
"2023-09-16 23:59:00",269,12.7,25.14,18.92,32.29,55.59,29.7,83.8,14.94,12,17.01,1.758,271.5,38.44,5.58,"2023-09-16 20:06:00",282,21239.9,10.15,0,4.808
"2023-09-17 23:59:00",270,12.66,23.12,18.05,29.54,61.85,33.33,81.4,14.92,11.56,17.13,1.316,263.3,60.72,4.47,"2023-09-17 20:55:00",339,16236.15,9.03,0.1,3.408
"2023-09-18 23:59:00",271,12.68,24.13,18.22,31.06,54.53,34.05,74.91,13.86,11.73,15.86,1.263,270.7,54.22,4.77,"2023-09-18 17:14:00",296,20190.11,10.2,0,4.356
"2023-09-19 23:59:00",272,12.7,23.99,17.23,31.72,52.57,27.81,74.56,13.05,10.34,14.61,1.372,266.4,49.28,5.51,"2023-09-19 20:06:00",316,20131.49,10.07,0,4.421
"2023-09-20 23:59:00",273,12.64,23.26,15.57,30.92,52.26,26.58,81.8,11.96,9.24,13.92,1.318,268.1,55.14,4.87,"2023-09-20 20:44:00",333,21608.12,10.55,0,4.511
"2023-09-21 23:59:00",274,12.66,23.32,15.42,31.57,51.04,24.04,81.4,11.5,5.271,13.93,1.249,258.8,53.35,5.03,"2023-09-21 16:57:00",315,21473.05,10.58,0,4.507
"2023-09-22 23:59:00",275,12.65,23.38,15.16,32.52,50.54,12.31,84.4,10.61,-0.654,15.29,1.139,262.9,63.57,3.91,"2023-09-22 16:04:00",336,21544.52,10.48,0,4.467
"2023-09-23 23:59:00",276,12.67,24.21,15.93,33.28,55.37,28.73,86.3,13.66,11,15.79,1.174,255.2,63.2,3.99,"2023-09-23 20:37:00",275,20910.29,10.43,0,4.369
"2023-09-24 23:59:00",277,12.64,25.07,15.18,34.01,46.33,25.61,74.07,11.85,9.41,14.64,1.183,242.2,56.08,4.49,"2023-09-24 15:21:00",270,21198.49,10.45,0,4.693
"2023-09-25 23:59:00",278,12.65,26.43,16.83,35.65,48.43,23.04,77.3,13.54,10.99,15.4,1.249,259.7,66.49,5.62,"2023-09-25 20:54:00",271,20985.9,10.23,0,4.748
"2023-09-26 23:59:00",279,12.66,25.27,17.75,32.6,56.44,32.41,90,15.25,13.14,17.26,1.682,264.6,55.93,5.76,"2023-09-26 22:25:00",276,20101.37,10.18,0,4.384
"2023-09-27 23:59:00",280,12.69,25.45,18.23,32.67,59.76,35.88,84.9,16.49,15.29,18.11,1.529,263.8,50.02,5.12,"2023-09-27 21:03:00",246,19825.89,10.17,0,4.376
"2023-09-28 23:59:00",281,12.66,27.52,17.69,37.29,51.8,24.11,82.9,15.42,12.93,17.97,1.102,240.3,68.48,4.25,"2023-09-28 23:49:00",252,19674.44,10.12,0,4.395
"2023-09-29 23:59:00",282,12.67,30.21,21.24,39.86,39.75,14.15,70.01,13.11,6.638,17.5,1.286,303.3,90.4,5.43,"2023-09-29 00:21:00",267,19769.15,10.07,0,4.829
"2023-09-30 23:59:00",283,12.64,29.68,19.36,39.28,26.77,11.93,48.51,7.311,2.744,11.46,1.039,352.7,97.8,4.62,"2023-09-30 16:16:00",343,20090.04,10.17,0,4.807
"2023-10-01 23:59:00",284,12.66,28.54,17.66,38.96,24.57,8.87,44.89,4.695,-1.404,9.23,0.907,215.7,99.4,4.25,"2023-10-01 15:23:00",337,20106,10.25,0,4.535
"2023-10-02 23:59:00",285,12.64,28.58,17.39,38.13,24.31,10.47,43.19,5.038,-0.843,9.65,1.114,274.2,90.8,4.67,"2023-10-02 16:46:00",296,19799.36,9.98,0,4.742
"2023-10-03 23:59:00",286,12.61,28.07,16.74,37.96,29.54,11.59,53.07,7.144,2.192,11.73,1.032,48.08,93.8,4.67,"2023-10-03 01:37:00",266,19348.84,10.27,0,4.48
"2023-10-04 23:59:00",287,12.67,28,17.37,37.45,34.93,15.36,67.05,9.7,4.52,14.07,1.158,282.3,92.9,4.05,"2023-10-04 03:10:00",265,18547.93,9.85,0,4.301
"2023-10-05 23:59:00",288,12.69,27.4,17.27,37.17,33.67,17.2,59.12,8.96,4.765,12.88,1.157,238.7,93.1,4.61,"2023-10-05 16:58:00",275,16748.31,9.47,0,4.06
"2023-10-06 23:59:00",289,12.65,28.4,18.48,37.32,28.99,10.98,51.03,7.106,0.449,11.81,0.912,264.4,101.6,4.66,"2023-10-06 15:16:00",333,18105.41,10.07,0,4.22
"2023-10-07 23:59:00",290,12.68,28.78,19.37,36.37,23.39,13.27,43.24,5.191,1.799,9.05,0.991,204,92.7,3.31,"2023-10-07 10:37:00",63,18627.53,10.12,0,4.301
"2023-10-08 23:59:00",291,12.65,27.34,16.65,36.5,24.63,11.45,45.45,4.305,0.474,8.32,1.052,237.3,96.6,4.13,"2023-10-08 14:03:00",330,18744.65,10.02,0,4.331
"2023-10-09 23:59:00",292,12.63,26.63,16.08,37.27,23.1,11,39.16,2.659,-0.498,7.587,0.829,122.5,99.5,4.04,"2023-10-09 16:38:00",5,18771.3,9.85,0,4.143
"2023-10-10 23:59:00",293,12.63,26.35,16.09,34.84,26.75,14.88,48.47,4.937,2.113,11.79,1.091,244.8,77.66,5.61,"2023-10-10 16:30:00",311,16759.81,9.12,0,3.961
"2023-10-11 23:59:00",294,12.57,24.58,15.53,33.04,43.89,18.04,84.3,9.74,2.805,15.45,1.05,227.9,77.14,4.44,"2023-10-11 15:42:00",334,17808.37,9.75,0,3.85
"2023-10-12 23:59:00",295,12.68,25.53,14.96,35.34,38.35,15.11,74.55,8.28,4.053,13.14,1.262,240.2,76.87,5.22,"2023-10-12 14:57:00",263,17971.73,9.68,0,4.364
"2023-10-13 23:59:00",296,12.67,24.99,16.63,34.84,29.82,14.65,51.9,5.048,1.253,8.73,1.122,236.3,85.8,5.94,"2023-10-13 14:11:00",255,17300.07,9.77,0,4.167
"2023-10-14 23:59:00",297,12.64,23.12,15.97,31.42,32.42,18.82,46.89,5.235,2.837,10.22,0.826,208.9,78.55,3.8,"2023-10-14 16:30:00",254,10819.19,8.72,0,2.466
"2023-10-15 23:59:00",298,12.66,24.24,18.31,31.84,33.72,23.66,44.76,7.065,4.043,10.57,0.744,120.6,93.5,3.05,"2023-10-15 16:22:00",62,10161.06,7.017,0,2.255
"2023-10-16 23:59:00",299,12.69,25.86,17.56,33.49,39.53,23.61,63.13,10.41,8.4,12.92,1.234,218.3,78.59,4.92,"2023-10-16 01:37:00",167,16854.69,8.9,0,3.906
"2023-10-17 23:59:00",300,12.67,26.23,20.98,33.58,42.69,21.82,59.69,11.81,8.08,13.9,1.383,250.5,68.96,6.9,"2023-10-17 15:40:00",251,15865.02,9.22,0,4.003
"2023-10-18 23:59:00",301,12.69,24.02,16.48,31.74,54.02,27.83,85.4,13.23,10.48,17.13,1.18,232.8,69.9,6.42,"2023-10-18 16:50:00",272,16648.71,9.45,0,3.774
"2023-10-19 23:59:00",302,12.65,22.43,14.99,29.98,58.81,31.15,91.2,12.96,9.32,16.68,2.09,249.7,56.7,8.33,"2023-10-19 16:34:00",247,16554.92,8.88,0,4.084
"2023-10-20 23:59:00",303,12.64,18.52,14.71,22.77,80,51.54,97.2,14.66,11.43,17.14,1.626,238.2,52.28,9.31,"2023-10-20 00:14:00",195,11950.29,8.2,6.8,2.251
"2023-10-21 23:59:00",304,12.66,17.99,11.95,24.41,73.61,41.46,97.3,12.62,9.68,15.06,0.644,111.3,96,3.48,"2023-10-21 15:01:00",25,16276.8,9.17,0,2.862
"2023-10-22 23:59:00",305,12.64,20.44,13.1,28.46,66.15,33.16,95.7,13.23,10.2,15.18,2.194,245.6,62.51,11.12,"2023-10-22 15:41:00",265,13419.7,8.13,0,3.472
"2023-10-23 23:59:00",306,12.65,18.41,16.01,22.13,80.1,61.19,94,14.81,11.93,16.9,1.504,227.2,51.65,6.91,"2023-10-23 13:24:00",285,6506.491,5.6,0.4,1.473
"2023-10-24 23:59:00",307,12.63,17.67,11.82,22.92,76.09,48.4,98.7,13.05,10.48,15.76,0.875,156.3,102.6,4.08,"2023-10-24 16:00:00",299,15799.6,9.45,0,2.747
"2023-10-25 23:59:00",308,12.69,17.97,10.48,26.17,68.78,34.41,97.6,11.41,9.03,14.21,0.791,201.4,82.7,3.32,"2023-10-25 21:32:00",312,17043.19,9.37,0,3.032
"2023-10-26 23:59:00",309,12.63,19.38,10.86,27.78,63.7,31.51,96.2,11.46,8.97,14.12,0.85,214,76.71,3.17,"2023-10-26 16:57:00",287,16929.9,9.4,0,3.173
"2023-10-27 23:59:00",310,12.64,18.68,12.93,24.77,78.88,54.36,97.7,14.63,12.37,16.56,0.751,227.7,68.27,2.84,"2023-10-27 01:46:00",253,10909.92,8.28,0,1.886
"2023-10-28 23:59:00",311,12.68,19.39,15.38,24.72,78.27,51.94,97.5,15.23,12.96,17.28,0.97,224.2,55.56,3.73,"2023-10-28 09:46:00",252,10786.55,8.7,0,1.947
"2023-10-29 23:59:00",312,12.66,19.61,13.69,26.53,69.7,41.13,93.6,13.47,11.36,15.34,0.926,230.4,64.97,4.52,"2023-10-29 21:01:00",261,13266.78,8.38,0,2.471
"2023-10-30 23:59:00",313,12.67,21.01,17.45,25.99,64.96,43.73,83,13.84,10.65,15.77,1.02,263.6,82.2,4.49,"2023-10-30 13:50:00",276,10223.42,7.467,0,2.226
"2023-10-31 23:59:00",314,12.66,21.99,15.3,31.05,58.04,25.73,90.4,12.21,8.25,15.47,0.849,230.4,87.4,4.08,"2023-10-31 16:05:00",290,10330.23,8.45,0,2.327
"2023-11-01 23:59:00",315,12.67,21.04,14.96,28.59,59.2,32.8,86.9,12.12,9.78,15.73,0.752,197,86.5,2.87,"2023-11-01 15:55:00",354,15562.5,9.17,0,2.942
"2023-11-02 23:59:00",316,12.66,20.56,15.26,27.94,66.74,41.37,93.7,13.57,10.93,16.05,1.146,240.1,59.86,6.71,"2023-11-02 14:08:00",295,15245.39,9.05,0,3.075
"2023-11-03 23:59:00",317,12.64,18.26,13.99,24.88,72.76,48.03,90.8,13.04,10.71,15.72,0.895,228.9,79.36,4.97,"2023-11-03 15:05:00",298,11683.51,7.95,0,2.094
"2023-11-04 23:59:00",318,12.66,18.21,10.63,26.92,66.86,34.3,95.9,11.09,9.54,13.57,0.988,242.4,67.88,4.06,"2023-11-04 14:50:00",338,15523.44,9.07,0,2.872
"2023-11-05 23:59:00",319,12.66,18.03,12,25.01,71.17,35.53,97.6,11.98,7.142,14.51,1.183,258.6,58.82,3.97,"2023-11-05 00:30:00",259,14820.86,8.82,0,2.623
"2023-11-06 23:59:00",320,12.66,17.3,14.38,21.21,72.01,48.56,91.9,12.01,7.988,14.25,0.785,25.21,91.6,4.89,"2023-11-06 18:18:00",54,6460.902,6.883,0.1,1.248
"2023-11-07 23:59:00",321,12.62,15.66,9.29,22.44,47.22,21.52,66.87,3.823,-1.619,8.29,1.179,46.32,51.18,4.87,"2023-11-07 20:26:00",48,15476.63,8.83,0,2.816
"2023-11-08 23:59:00",322,12.58,14.02,5.734,23.01,48.54,21.34,80.8,2.079,-1.341,5.696,0.772,197.1,79.99,3.07,"2023-11-08 15:22:00",60,15370.91,9,0,2.583
"2023-11-09 23:59:00",323,12.58,16.17,6.642,25.89,42.35,19.86,79.34,2.168,-0.475,4.76,0.857,197.9,79.41,3.48,"2023-11-09 13:25:00",354,14739.56,8.98,0,2.602
"2023-11-10 23:59:00",324,12.65,18.2,9.64,27.68,44.08,20.79,71.54,4.958,0.086,10.78,0.777,162.9,83.1,2.34,"2023-11-10 01:21:00",247,14479.36,8.97,0,2.623
"2023-11-11 23:59:00",325,12.65,19.55,11.3,29.31,54.93,26.59,82.8,9.23,7.733,11.61,0.752,194.9,73.97,2.72,"2023-11-11 14:51:00",335,14582.63,8.95,0,2.704
"2023-11-12 23:59:00",326,12.61,20.82,11.23,31.48,49.98,23.33,82.8,8.9,7.436,11.38,0.769,173.5,73.26,2.59,"2023-11-12 01:42:00",254,14290.18,9.13,0,2.721
"2023-11-13 23:59:00",327,12.63,20.82,12.01,30.05,45.7,24.68,74.76,7.827,6.017,10.38,0.691,182,79.73,2.09,"2023-11-13 15:20:00",57,11090.7,8.52,0,2.077
"2023-11-14 23:59:00",328,12.61,21.13,11.2,31.52,44.01,20.46,73.8,7.194,4.985,10.66,0.723,167.8,79.42,2.5,"2023-11-14 16:10:00",67,13973.54,8.77,0,2.711
"2023-11-15 23:59:00",329,12.59,21,11.09,31.62,40.62,19.49,70.2,6.075,4.03,8.74,0.783,185.1,75.04,2.47,"2023-11-15 11:54:00",14,13385.58,8.18,0,2.597
"2023-11-16 23:59:00",330,12.61,20.14,11.13,31.28,41.4,18.87,68.62,5.589,3.867,9.12,0.773,174.1,81.3,2.82,"2023-11-16 15:45:00",3,13970.37,8.78,0,2.658
"2023-11-17 23:59:00",331,12.58,19.79,9.34,30.65,39.77,16.99,72.61,4.329,1.697,7.591,0.728,193.6,77.41,2.43,"2023-11-17 13:30:00",335,13996.25,8.78,0,2.62
"2023-11-18 23:59:00",332,12.6,18.81,9.05,30.4,39.65,16.54,68.09,3.363,0.749,7.109,0.859,201.2,65.7,2.87,"2023-11-18 15:51:00",326,13891.46,8.77,0,2.684
"2023-11-19 23:59:00",333,12.57,18.68,9.23,29.8,39.34,17.55,66.45,3.311,1.154,6.701,0.698,176,72.49,2.72,"2023-11-19 16:08:00",318,13181.49,8.38,0,2.488
"2023-11-20 23:59:00",334,12.56,18.68,9.09,28.63,39.45,19.61,68.05,3.571,1.543,7.161,0.751,186,78.48,2.5,"2023-11-20 14:38:00",119,13246.79,8.62,0,2.476
"2023-11-21 23:59:00",335,12.59,15.45,8.61,23.76,49.84,31.55,69.75,4.636,1.64,8.18,0.782,211.6,66.16,3.31,"2023-11-21 22:48:00",276,10886.49,8.03,0,1.866
"2023-11-22 23:59:00",336,12.59,14.01,10.06,20.02,73.77,45.6,96.6,9.05,5.562,11.98,0.848,215.1,74.7,2.92,"2023-11-22 06:19:00",286,10488.97,7.533,0,1.667
"2023-11-23 23:59:00",337,12.57,12.62,5.795,21.13,68.85,39.98,95.2,6.455,4.274,9.02,0.762,182.1,80.4,3.12,"2023-11-23 15:00:00",328,13225.11,8.52,0,2.095
"2023-11-24 23:59:00",338,12.62,13.09,5.34,22.16,59.66,30.98,89.3,4.599,2.539,7.17,0.871,194.1,78.48,4.49,"2023-11-24 15:14:00",318,13129.12,8.4,0,2.257
"2023-11-25 23:59:00",339,12.56,12.48,5.098,19.29,59.74,41.03,85.8,4.547,2.183,6.799,0.668,182.6,75.02,2.41,"2023-11-25 11:40:00",332,9065.592,8.32,0,1.459
"2023-11-26 23:59:00",340,12.58,12.57,4.472,21.78,60.16,31.73,89.6,4.171,2.064,6.522,0.812,190.2,78.7,2.84,"2023-11-26 10:54:00",339,13015.58,8.47,0,2.098
"2023-11-27 23:59:00",341,12.57,12.98,3.552,23.61,52.55,23.34,86.9,2.231,-0.08,5.353,0.733,182.6,76.39,2.41,"2023-11-27 14:02:00",74,12743.57,8.47,0,2.124
"2023-11-28 23:59:00",342,12.59,14.23,6.572,23.33,47.75,25.11,73.71,2.492,0.477,4.691,0.822,200,65.26,3.1,"2023-11-28 15:23:00",345,12704.99,8.1,0,2.193
"2023-11-29 23:59:00",343,12.55,13.54,5.18,21.89,62.05,37.88,92,5.924,3.21,9.37,0.751,179.9,79.01,2.56,"2023-11-29 14:10:00",331,12677.3,8.37,0,2.042
"2023-11-30 23:59:00",344,12.59,14.27,6.047,24.09,59.35,31.9,87.7,5.652,3.608,7.673,0.77,164.9,80.6,3.18,"2023-11-30 13:58:00",143,10911.8,7.8,0,1.798
"2023-12-01 23:59:00",345,12.59,14.38,7.118,20.88,56.39,33.32,74.91,5.481,1.186,10.24,0.852,198.7,77.47,3.05,"2023-12-01 10:28:00",255,5897.298,5.283,0,1.225
"2023-12-02 23:59:00",346,12.6,13.72,9.63,19.2,81.2,50.22,97.8,10.23,6.119,12.61,0.816,327,99.2,3.34,"2023-12-02 05:56:00",120,9345.621,6.917,2.1,1.442
"2023-12-03 23:59:00",347,12.6,12.05,4.047,21.04,76.17,43.39,98.8,7.456,3.745,10.3,0.648,151.3,88.1,2.34,"2023-12-03 15:28:00",109,12968.33,8.45,0,1.967
"2023-12-04 23:59:00",348,12.58,13.87,5.674,25.46,64.77,26.73,92.2,6.281,3.917,9.9,0.752,173.3,71.96,3.08,"2023-12-04 16:04:00",322,12487.33,8,0,2.131
"2023-12-05 23:59:00",349,12.57,14.95,8.6,21.98,61.96,35.09,83.3,7.398,4.548,11.17,0.933,191.9,78.13,6.93,"2023-12-05 23:27:00",189,4618.34,3.583,0,1.121
"2023-12-06 23:59:00",350,12.64,16.94,10.97,21.51,72.33,53.22,92.8,11.77,9.26,13.57,1.958,238.1,63.56,7.35,"2023-12-06 14:30:00",346,10222.58,7.083,0.2,2.066
"2023-12-07 23:59:00",351,12.66,13.83,7.198,22.33,80.6,50.73,98.5,10.22,6.858,12.57,0.849,230.4,64.88,3.72,"2023-12-07 16:33:00",255,9853.073,7,0,1.55
"2023-12-08 23:59:00",352,12.6,15.9,8.04,25.7,71.33,27.61,98.6,9.6,5.271,12.41,0.748,125.1,86.9,2.7,"2023-12-08 14:12:00",10,11949.73,8.02,0,1.992
"2023-12-09 23:59:00",353,12.6,15.96,7.268,26.93,62.26,24.28,95.5,6.997,2.414,11.1,0.887,114.4,77.17,4.91,"2023-12-09 14:45:00",73,11433.38,7.5,0,2.218
"2023-12-10 23:59:00",354,12.61,17.73,8.65,27.83,51.33,29.68,76.48,6.938,3.993,9.99,0.781,163.2,80.3,2.57,"2023-12-10 15:05:00",124,12327.79,8.22,0,2.217
"2023-12-11 23:59:00",355,12.61,18.11,9.26,29.35,50.17,22.9,77.07,6.496,4.612,10.57,0.743,165.6,73.52,2.72,"2023-12-11 12:31:00",355,11841.27,7.9,0,2.159
"2023-12-12 23:59:00",356,12.63,16.96,10.14,24.79,57.84,33.16,79.98,8.14,4.753,11.47,0.867,211.2,74.2,3.37,"2023-12-12 15:26:00",254,9532.337,7.783,0,1.715
"2023-12-13 23:59:00",357,12.62,15.81,8.98,23.85,63.73,33.48,91.1,8.24,5.759,10.27,0.846,200,74.31,3.44,"2023-12-13 10:23:00",129,12182.55,8.17,0,2.127
"2023-12-14 23:59:00",358,12.64,14.29,7.097,21.96,67.25,35.21,93.1,7.608,0.463,10.9,0.769,94.6,91,4.13,"2023-12-14 16:36:00",73,12412.74,8.23,0,2.041
"2023-12-15 23:59:00",359,12.58,11.8,3.331,22.41,57.23,29.13,84.2,2.818,0.317,5.155,0.732,179.6,76.76,2.52,"2023-12-15 12:36:00",43,12585.92,8.28,0,1.99
"2023-12-16 23:59:00",360,12.57,13.41,5.108,24.65,47.73,21.16,79.7,1.296,-2.366,3.849,0.684,148.4,79.29,2.33,"2023-12-16 23:40:00",337,12458.68,8.27,0,2.112
"2023-12-17 23:59:00",361,12.54,12.8,2.674,23.07,39.65,16.77,72.13,-1.726,-4.772,2.791,0.916,179.8,75.02,2.64,"2023-12-17 20:46:00",198,12604.08,8.28,0,2.099
"2023-12-18 23:59:00",362,12.56,11.17,1.722,20.9,47.81,23.96,75.77,-0.167,-4.024,3.38,0.917,210.5,78.4,3.17,"2023-12-18 16:36:00",326,12156.19,8.13,0,1.993
"2023-12-19 23:59:00",363,12.55,9.7,2.148,19.28,57.45,31.12,84.1,0.971,-0.728,3.297,0.742,152.4,78.13,2.97,"2023-12-19 13:48:00",33,12186.89,8.15,0,1.869
"2023-12-20 23:59:00",364,12.52,9.73,0.852,18.53,51.33,28.46,82.5,-0.771,-2.206,1.418,0.938,205.5,61.12,2.87,"2023-12-20 22:04:00",212,12404.47,8.23,0,1.943
"2023-12-21 23:59:00",365,12.54,10.26,1.318,19.49,54.03,30.69,85.3,0.646,-1.644,4.435,0.836,167.7,83.9,3.55,"2023-12-21 13:35:00",0,12254.55,8.22,0,1.91
"2023-12-22 23:59:00",366,12.54,9.51,1.056,19.22,61.88,33.09,93.7,1.832,-1.827,7.164,0.724,195.1,75.81,2.41,"2023-12-22 16:20:00",317,12338.67,8.22,0,1.824
"2023-12-23 23:59:00",367,12.52,10.44,0.508,21.27,50.04,24.41,82.5,-0.545,-4.34,3.532,0.67,161.4,78.29,2.2,"2023-12-23 16:30:00",348,12572.23,8.3,0,1.981
"2023-12-24 23:59:00",368,12.53,10.44,0.246,22.69,43.89,17.19,74.95,-2.878,-5.799,0.751,0.75,160.9,74.07,3.07,"2023-12-24 15:54:00",20,12574.42,8.08,0,2.042
"2023-12-25 23:59:00",369,12.55,10.9,1.52,20.48,37.8,17.46,62.76,-4.009,-7.13,0.157,0.913,202.7,67.71,3.24,"2023-12-25 15:45:00",257,12425.6,8.28,0,2.04
"2023-12-26 23:59:00",370,12.53,9.47,0.53,19.27,44.15,23.37,74.54,-2.917,-7.266,3.408,0.756,148.8,83.3,3.29,"2023-12-26 12:55:00",39,12215.24,8.2,0,1.86
"2023-12-27 23:59:00",371,12.52,9.94,0.994,21.23,42.64,19.36,68.02,-3.045,-5.981,1.322,0.84,152.1,74.81,3.78,"2023-12-27 15:30:00",47,12493.78,8.23,0,2.007
"2023-12-28 23:59:00",372,12.53,11.3,0.55,23.16,36.84,17.26,64.15,-4.003,-6.82,-0.446,0.756,172.9,75.84,2.69,"2023-12-28 16:12:00",59,11906.85,7.917,0,1.93
"2023-12-29 23:59:00",373,12.58,13.69,4.573,25.24,30.33,10.65,55.29,-4.721,-8.32,-0.191,0.825,178.8,69.08,4.51,"2023-12-29 15:02:00",229,12347.97,7.533,0,2.239
"2023-12-30 23:59:00",374,12.63,12.97,4.209,23.63,29.67,14.42,45.4,-5.082,-7.695,-1.906,0.877,162.9,75.16,3.97,"2023-12-30 05:00:00",223,12460.23,8.33,0,2.098
"2023-12-31 23:59:00",375,12.54,11.7,1.582,22.45,33.27,15.71,57.7,-4.969,-7.863,-1.693,0.702,167.9,79.44,2.32,"2023-12-31 14:37:00",54,11692.55,8.27,0,1.898
"2024-01-01 23:59:00",376,12.6,13.16,6.148,23.12,34.88,18.17,49.01,-2.51,-7.247,1.3,0.699,137.7,78.31,3.18,"2024-01-01 15:52:00",38,9574.269,6.933,0,1.705
"2024-01-02 23:59:00",377,12.54,13,4.32,24,40.82,22.42,60.31,-0.623,-3.557,4.274,0.756,139.8,82.9,3.01,"2024-01-02 06:13:00",189,11489.67,8.13,0,1.967
"2024-01-03 23:59:00",378,12.58,15.27,5.491,26.86,43.65,24.22,68.91,2.18,-0.621,5.676,0.734,181.2,70.74,3.2,"2024-01-03 13:29:00",101,12343.91,8.33,0,2.145
"2024-01-04 23:59:00",379,12.6,16.1,7.066,24.82,37.59,17.7,62.6,0.722,-2.569,6.382,0.983,208.1,76.48,3.84,"2024-01-04 16:59:00",303,11068.41,7.917,0,2.09
"2024-01-05 23:59:00",380,12.64,14.01,8.53,18.89,74.34,32.09,96.7,9.12,-0.238,12.4,1.847,232.1,66.69,10.22,"2024-01-05 06:57:00",144,7364.599,5.383,1.4,1.363
"2024-01-06 23:59:00",381,12.56,11.29,5.532,20.26,76.2,28.41,98.1,6.481,0.792,9.54,0.777,70.57,76.46,3.4,"2024-01-06 15:30:00",34,10897.2,7.883,0,1.703
"2024-01-07 23:59:00",382,12.53,9.72,1.096,21.45,68.25,26.94,98.5,2.849,-1.851,8.03,0.71,166.9,77.2,2.7,"2024-01-07 13:59:00",130,12290.59,8.23,0,1.882
"2024-01-08 23:59:00",383,12.53,11.17,1.137,21.88,51.42,19.41,86.7,-0.024,-4.927,4.618,0.707,183.7,76.78,2.04,"2024-01-08 13:57:00",355,11335.95,8.33,0,1.775
"2024-01-09 23:59:00",384,12.58,12.15,4.532,21.94,44.09,18.56,67.3,-0.561,-6.124,5.273,0.77,190.7,58.98,2.52,"2024-01-09 14:23:00",337,10201.91,8.28,0,1.692
"2024-01-10 23:59:00",385,12.62,13.41,4.976,23.33,56.33,31.63,85,4.285,1.527,6.74,0.868,176.6,81.7,2.73,"2024-01-10 01:42:00",189,12142.92,8.38,0,2.015
"2024-01-11 23:59:00",386,12.57,13.91,4.402,25.11,56.73,23.16,93.7,4.214,1.175,8.64,0.856,179.3,71.96,2.95,"2024-01-11 16:27:00",269,12234.08,8.37,0,2.139
"2024-01-12 23:59:00",387,12.57,13.73,3.825,26.06,47.24,15.77,80.9,1.073,-2.634,4.82,0.656,150.4,73.87,1.89,"2024-01-12 11:24:00",270,12684.72,8.37,0,2.125
"2024-01-13 23:59:00",388,12.59,14.26,3.542,27.93,39.79,12.34,70.02,-1.013,-5.04,4.903,0.599,139.7,78.49,2.57,"2024-01-13 16:46:00",353,12523.02,8.38,0,2.2
"2024-01-14 23:59:00",389,12.6,15,7.076,24.63,34.11,15.65,53.78,-1.216,-4.827,2.376,0.715,178.2,73.27,2.34,"2024-01-14 13:46:00",61,8846.259,7.617,0,1.588
"2024-01-15 23:59:00",390,12.57,14.52,4.29,26.36,37.42,12.35,64.24,-1.196,-5.339,3.367,0.651,162.2,69.98,1.98,"2024-01-15 23:27:00",161,11310.1,7.417,0,1.95
"2024-01-16 23:59:00",391,12.61,14.18,7.419,19.84,40.65,18.47,58.69,0.629,-5.015,7.205,0.968,138.3,87.2,5.99,"2024-01-16 19:52:00",146,3045.84,1.7,0,1.069
"2024-01-17 23:59:00",392,12.58,16.25,9.61,24.04,54.73,27.03,80.4,6.598,1.39,10.69,0.966,213.7,73.03,5.64,"2024-01-17 12:45:00",257,11406.44,7.7,0,2.324
"2024-01-18 23:59:00",393,12.69,15.52,8.11,24.38,71.34,43.34,96.6,9.8,6.585,12.85,0.828,158.9,75.82,3.67,"2024-01-18 15:26:00",46,11306.77,8.27,0,1.976
"2024-01-19 23:59:00",394,12.63,13.68,10.41,19.32,77.53,34.46,95.5,9.47,2.856,12.48,1.12,185.2,68.84,6,"2024-01-19 15:41:00",227,1793.266,0.417,2.2,0.379
"2024-01-20 23:59:00",395,12.51,11.19,4.775,18.45,85.1,56.82,99.2,8.51,4.606,12.52,0.787,143.7,92.9,3.22,"2024-01-20 13:59:00",89,11016.77,7.95,0,1.619
"2024-01-21 23:59:00",396,12.67,11.77,5.18,18.88,83.3,56.8,98.7,8.8,4.915,11.2,0.77,200.8,85,2.7,"2024-01-21 15:20:00",39,13393.21,8.5,0,1.977
"2024-01-22 23:59:00",397,12.69,12.2,4.25,21.76,80.2,41.07,99,8.35,4.089,12.06,0.657,180.6,81.5,2.68,"2024-01-22 17:15:00",66,13650.37,8.52,0,2.137
"2024-01-23 23:59:00",398,12.63,13.93,5.159,23.03,59.94,24.01,96.2,4.824,0.535,10.46,0.909,189.5,74.96,2.82,"2024-01-23 14:47:00",340,14361.68,8.77,0,2.482
"2024-01-24 23:59:00",399,12.61,14.79,4.937,25.47,51.22,25.04,83.3,3.867,0.652,7.442,0.776,188,80.7,2.34,"2024-01-24 03:14:00",135,14350.98,8.82,0,2.442
"2024-01-25 23:59:00",400,12.64,15.84,5.845,27.94,48.1,17.49,82.4,3.443,0.42,8,0.918,198.1,71.47,3.14,"2024-01-25 16:54:00",261,14498.87,8.83,0,2.7
"2024-01-26 23:59:00",401,12.6,15.95,6.512,26.42,42.26,17.61,71.13,1.695,-1.575,5.77,0.797,177.9,80.1,3.28,"2024-01-26 10:49:00",268,14519.19,8.85,0,2.615
"2024-01-27 23:59:00",402,12.66,16.48,6.774,26.66,38.74,18.36,65.31,1.442,-1.289,6.754,0.874,143.1,76.58,4.31,"2024-01-27 16:01:00",105,14708.67,8.87,0,2.714
"2024-01-28 23:59:00",403,12.61,16.34,6.875,26.04,39.68,18.65,66.84,1.511,-0.161,4.223,0.905,202.9,62.58,2.88,"2024-01-28 23:47:00",267,14822,8.88,0,2.753
"2024-01-29 23:59:00",404,12.66,16.29,6.986,25.08,42.91,21.54,73.02,2.957,-0.185,5.664,0.819,108.6,91.3,3.32,"2024-01-29 15:01:00",46,12937.42,8.2,0,2.34
"2024-01-30 23:59:00",405,12.65,16.28,5.482,27.12,41.97,17.74,77.61,1.877,-1.04,6.221,0.87,170.4,81.2,2.79,"2024-01-30 17:32:00",324,14805.04,8.83,0,2.733
"2024-01-31 23:59:00",406,12.6,16.24,6.35,25.04,40.52,18.41,71.19,1.673,-0.909,8.83,0.803,166.4,81.8,2.55,"2024-01-31 00:23:00",242,12367.69,8.35,0,2.252
"2024-02-01 23:59:00",407,12.61,15.45,5.845,25.33,40.33,18.88,68.88,0.812,-1.146,4.907,0.698,174.2,88.5,2.54,"2024-02-01 17:04:00",331,15033.44,8.97,0,2.662
"2024-02-02 23:59:00",408,12.59,15.01,4.916,25.66,40.61,18.53,70.85,0.585,-1.408,4.859,0.787,154.1,79.23,2.97,"2024-02-02 17:40:00",343,15809.83,9.03,0,2.853
"2024-02-03 23:59:00",409,12.62,15.48,4.906,25.96,39.92,16.58,75.08,0.577,-2.111,6.519,0.788,173.3,81.4,3.1,"2024-02-03 16:37:00",341,15779.34,9.08,0,2.789
"2024-02-04 23:59:00",410,12.63,15.82,7.53,25.26,37.92,17.83,63.69,0.589,-2.247,4.911,0.864,115.4,97.3,3.12,"2024-02-04 15:50:00",321,15283.37,9.12,0,2.803
"2024-02-05 23:59:00",411,12.63,15.88,8.79,23.09,34.69,23.35,57.56,-0.115,-5.08,3.37,1.066,244.3,95.4,3.69,"2024-02-05 02:34:00",260,12582.49,8.28,0,2.442
"2024-02-06 23:59:00",412,12.61,14.37,4.714,23.77,34.46,17.01,62.25,-1.806,-4.706,2.932,0.895,178,83.6,3.56,"2024-02-06 16:05:00",349,15959.57,9.08,0,2.805
"2024-02-07 23:59:00",413,12.56,14.26,3.906,24.74,34.56,14.95,70.21,-2.469,-5.301,1.691,0.848,178.7,77.15,2.68,"2024-02-07 16:36:00",330,16444.2,9.22,0,2.909
"2024-02-08 23:59:00",414,12.6,16.33,5.38,25.68,28.44,11.17,58.83,-3.764,-7.292,4.854,1.188,200.1,69.49,5.61,"2024-02-08 15:34:00",236,12638.82,8.2,0,2.767
"2024-02-09 23:59:00",415,12.62,16.33,13.29,20.26,56.05,15.24,95.6,5.249,-7.263,13.66,2.994,216.8,48.05,10.44,"2024-02-09 17:38:00",225,1561.829,0.267,11.8,1.241
"2024-02-10 23:59:00",416,12.6,15.84,12,20.08,75.2,49.58,93.3,11.18,8.37,13.3,1.957,236.4,33.11,8.12,"2024-02-10 00:10:00",254,14246.83,8.25,0,2.536
"2024-02-11 23:59:00",417,12.73,14.32,8.58,21.21,82.7,49.54,98.4,11.05,8.26,13.82,0.655,193.2,86.3,2.52,"2024-02-11 16:38:00",336,12967.47,7.517,0,2.074
"2024-02-12 23:59:00",418,12.69,16.54,8.05,26.3,73.92,40.84,98.5,11.18,7.802,13.79,0.821,158.4,79.74,4.04,"2024-02-12 15:21:00",78,14998.17,9.12,0,2.691
"2024-02-13 23:59:00",419,12.68,18.25,9.79,28.56,68.17,31.49,97.1,11.38,8.45,14.83,0.735,182.7,83,2.35,"2024-02-13 15:34:00",69,14270.65,8.88,0,2.58
"2024-02-14 23:59:00",420,12.67,20.48,11.48,32.03,53.62,18.16,88,8.7,1.164,13.9,0.854,105.9,84,3.39,"2024-02-14 09:25:00",324,16347.53,8.92,0,3.253
"2024-02-15 23:59:00",421,12.66,18.69,13.37,23.71,55.19,27.03,78.96,9.23,2.316,13.64,1.318,264.7,74.47,5.7,"2024-02-15 07:00:00",250,13905.09,8.17,0,2.835
"2024-02-16 23:59:00",422,12.68,16.02,10.88,23.3,75.31,46.82,97.5,11.23,8.08,14.18,0.782,244.1,84.5,3.91,"2024-02-16 13:27:00",341,14429.9,9.07,0,2.508
"2024-02-17 23:59:00",423,12.63,16.17,7.762,25.6,61.3,24.67,94.7,7.473,3.101,11.85,0.777,77.22,82.7,3.43,"2024-02-17 16:50:00",54,17482.75,9.47,0,3.098
"2024-02-18 23:59:00",424,12.66,15.76,6.996,26.55,52.52,23.13,82.9,4.883,3.263,6.741,0.763,201.7,91.9,3.73,"2024-02-18 14:55:00",44,18017.46,9.53,0,3.234
"2024-02-19 23:59:00",425,12.63,17.37,8.82,26.86,46.86,22.82,72.47,4.823,2.94,8.25,1.149,221.7,64.92,5.1,"2024-02-19 14:19:00",249,18019.09,9.57,0,3.597
"2024-02-20 23:59:00",426,12.64,16.91,8.55,25.33,55.46,31.65,84.1,7.333,5.721,10.55,0.808,210.1,85.3,4.15,"2024-02-20 15:29:00",320,17180.38,9.32,0,3.076
"2024-02-21 23:59:00",427,12.64,18.34,7.794,27.71,47.4,19.68,86.3,5.329,-1.068,9.62,1.075,230.7,79.34,3.85,"2024-02-21 14:15:00",337,18534.4,9.68,0,3.616
"2024-02-22 23:59:00",428,12.67,17.02,7.823,26.81,45.95,12.5,81.5,3.441,-5.562,8.35,0.983,203.8,77.93,4.62,"2024-02-22 16:02:00",317,18105.35,9.13,0,3.485
"2024-02-23 23:59:00",429,12.65,15.56,12.38,21.4,69.37,45.32,91,9.66,5.536,11.24,1.697,275,70.07,5.78,"2024-02-23 13:24:00",273,13428.34,8.17,0,2.536
"2024-02-24 23:59:00",430,12.61,13.67,6.329,19.9,63.07,38.56,88.3,6.304,4.107,9.1,0.868,10.66,92.2,4.16,"2024-02-24 14:22:00",332,17174.36,9.15,0,2.761
"2024-02-25 23:59:00",431,12.59,13.92,4.33,23.64,58.25,26.11,93.9,4.353,0.6,7.607,0.865,260.9,94.7,4.08,"2024-02-25 17:00:00",260,19106.29,9.8,0,3.319
"2024-02-26 23:59:00",432,12.64,13.33,6.168,20.4,71.03,43.53,94.3,7.741,2.561,12.07,1.577,266.6,68.75,5.93,"2024-02-26 18:28:00",324,16295.88,8.72,0.5,2.81
"2024-02-27 23:59:00",433,12.63,11.84,7.602,17.03,65.8,33.93,92.8,4.991,0.198,10.15,1.348,275.2,63.89,4.98,"2024-02-27 13:56:00",301,14229.08,9.13,0,2.377
"2024-02-28 23:59:00",434,12.58,10.07,2.198,18.94,57.79,20.68,92.7,0.7,-5.059,4.636,0.827,190.9,91.7,2.94,"2024-02-28 18:33:00",324,19515.85,9.92,0,3.049
"2024-02-29 23:59:00",435,12.63,12.2,1.804,22.59,53.17,20.91,90.8,1.229,-2.195,5.499,0.846,136.2,90.7,4.64,"2024-02-29 15:21:00",318,19731.26,10,0,3.361
"2024-03-01 23:59:00",436,12.67,13.32,4.492,23.43,56.87,21.02,93.6,3.466,-2.023,6.249,0.769,35.44,93.2,3.73,"2024-03-01 15:38:00",358,18642.36,9.68,0,3.181
"2024-03-02 23:59:00",437,12.65,13.29,6.512,20.35,57.86,24.85,85,4.187,-1.57,6.873,1.209,258.7,48.99,3.99,"2024-03-02 17:26:00",262,18540.55,9.62,0,3.087
"2024-03-03 23:59:00",438,12.63,13.61,6.108,21.16,61.59,35.33,89.2,5.703,3.001,8.23,1.045,185,100.6,4.04,"2024-03-03 15:31:00",333,19752.84,9.88,0,3.324
"2024-03-04 23:59:00",439,12.63,14.89,5.653,24.26,60.28,24.52,93.9,5.816,2.335,8.74,0.798,12.19,90.1,4.25,"2024-03-04 14:39:00",3,19976.72,9.85,0,3.51
"2024-03-05 23:59:00",440,12.65,15.32,7.965,23.48,59.17,32.55,89,6.636,4.685,9.26,0.844,211.3,78.22,3.6,"2024-03-05 14:43:00",334,15171.55,9.42,0,2.61
"2024-03-06 23:59:00",441,12.66,17.24,7.762,26.85,53.75,22.48,89.4,6.511,2.282,9.87,1.062,245.8,68.46,3.83,"2024-03-06 18:25:00",254,19485.75,9.85,0,3.616
"2024-03-07 23:59:00",442,12.66,15.84,9.32,24.04,61.97,20.69,95.9,6.774,-1.232,11.06,2.118,242.3,50.06,9.6,"2024-03-07 18:50:00",310,20014.54,9.68,2.3,4.227
"2024-03-08 23:59:00",443,12.66,13.11,9.48,18.71,70.51,33.29,96.3,7.133,1.088,10.75,1.347,237.4,56.43,4.76,"2024-03-08 15:30:00",284,10973.42,7.967,2.6,1.881
"2024-03-09 23:59:00",444,12.68,14.99,8.47,22.07,59.72,38.13,78.95,6.941,3.117,12.53,3.063,236.5,45.23,11,"2024-03-09 13:00:00",244,8374.332,7.6,0,2.598
"2024-03-10 23:59:00",445,12.67,14.42,11.13,19.18,78.03,51.05,97.4,10.37,6.087,12.75,2.12,248.1,70.2,7.05,"2024-03-10 06:01:00",227,12855.07,8.98,1.2,2.263
"2024-03-11 23:59:00",446,12.69,15.44,8.5,22.4,72.62,39.31,97,9.9,6.938,12.99,0.794,11.35,90.4,3.94,"2024-03-11 12:46:00",64,18516.8,9.72,0,3.124
"2024-03-12 23:59:00",447,12.68,17.12,8.3,27.55,66.15,26.92,97,9.53,6.44,12.68,0.792,185,84.1,4.28,"2024-03-12 15:38:00",46,17545.49,9.48,0,3.179
"2024-03-13 23:59:00",448,12.67,15.44,11.55,19.65,73.63,56.77,95.7,10.63,7.85,13.53,1.397,257.3,68.6,5.41,"2024-03-13 12:54:00",320,10108.07,8.28,0.2,1.956
"2024-03-14 23:59:00",449,12.65,16.13,8.18,24.76,71.6,31.26,98.6,9.84,6.067,14.16,0.867,208.6,95.1,4.02,"2024-03-14 13:49:00",88,13704.28,9.68,0,2.476
"2024-03-15 23:59:00",450,12.67,18.95,9.14,28.79,58.89,20.34,96.7,9,3.204,13.9,0.889,169.6,83.3,3.6,"2024-03-15 12:06:00",120,17175.97,10,0,3.321
"2024-03-16 23:59:00",451,12.66,21.32,9.5,33.26,42.54,10.37,84.8,5.096,-2.851,10.05,0.926,180.2,82.3,4.02,"2024-03-16 16:52:00",301,17835.21,10.2,0,3.854
"2024-03-17 23:59:00",452,12.69,24.71,11.67,34.74,29.59,10.38,63.09,3.884,-1.412,9.96,1.149,198.6,100.8,4.41,"2024-03-17 15:27:00",333,17229.43,10.32,0,4.073
"2024-03-18 23:59:00",453,12.68,24.77,14.45,34.21,30.43,11.34,56.58,5.134,-0.88,8.28,1.276,131.5,98,4.61,"2024-03-18 19:46:00",277,14986.14,9.33,0,3.745
"2024-03-19 23:59:00",454,12.64,24.25,13.55,34.09,33.56,9.32,66.54,5.071,-3.263,12.53,1.293,272.2,92.7,6.49,"2024-03-19 18:51:00",322,18054.98,9.98,0,4.349
"2024-03-20 23:59:00",455,12.66,16.25,13.59,20.69,75.37,48.95,91.7,11.63,9.1,13.03,1.677,260.6,60.79,4.82,"2024-03-20 22:39:00",323,6994.593,6.1,0,1.322
"2024-03-21 23:59:00",456,12.65,16.68,14.06,21.49,61.3,42.98,75.92,9.02,7.812,10.41,1.665,255.2,64.97,5.39,"2024-03-21 11:49:00",269,10208.92,8.53,0,2.093
"2024-03-22 23:59:00",457,12.72,16.77,11.36,23.67,66.02,36.15,88.5,9.93,6.802,11.44,1.264,256.1,79.78,4.32,"2024-03-22 00:58:00",235,12850.04,8.95,0,2.356
"2024-03-23 23:59:00",458,12.71,18.42,11.69,27.03,58.69,33.61,89.4,9.44,6.615,12.42,1.031,265,96.8,4.45,"2024-03-23 15:01:00",57,13092.04,9.18,0,2.701
"2024-03-24 23:59:00",459,12.66,16.12,12.14,23.37,71.65,41.32,93.2,10.69,6.346,13.49,2.021,232.8,70.98,7.87,"2024-03-24 16:56:00",309,8835.351,6.9,33.5,2.177
"2024-03-25 23:59:00",460,12.64,14.14,12.28,17.18,83.2,55.12,97,11.19,7.555,13.31,2.192,224.6,54.64,8.23,"2024-03-25 14:35:00",269,6596.896,6.4,2.3,1.464
"2024-03-26 23:59:00",461,12.65,11.78,8.87,15.15,80,50.53,96.8,8.28,3.557,11.54,2.792,242.8,39.14,9.51,"2024-03-26 10:19:00",257,8150.886,6.267,2,1.438
"2024-03-27 23:59:00",462,12.65,13.58,6.29,20.66,57.13,26,86.4,4.245,-0.598,8.27,1.578,227.2,56.52,5.27,"2024-03-27 13:28:00",282,22078.73,10.75,0,3.915
"2024-03-28 23:59:00",463,12.7,15.51,7.338,23.21,62.48,30.21,96.5,7.306,4.025,10.89,1.197,206,59.83,4.87,"2024-03-28 09:13:00",173,21035.7,10.5,0,3.801
"2024-03-29 23:59:00",464,12.7,13.83,11.64,16.77,79.85,60.07,94.5,10.34,7.253,13.05,2.071,241.8,69.26,9.82,"2024-03-29 17:05:00",264,8560.911,7.65,3.2,1.5
"2024-03-30 23:59:00",465,12.65,16.65,12.22,22.36,58.54,40.48,73.79,8.32,6.023,12.18,4.2,229.5,31.27,12.66,"2024-03-30 13:17:00",267,16877.39,10.28,0,4.137
"2024-03-31 23:59:00",466,12.73,18.7,13.39,25.08,61.23,38.76,81.2,10.81,9.33,12.65,3.043,247.6,33.51,11.7,"2024-03-31 17:01:00",290,18507.68,9.43,0,4.227
"2024-04-01 23:59:00",467,12.7,15.45,11.79,20.6,81.7,59.36,97.5,12.17,9.8,14.29,1.129,335.2,88.4,7.24,"2024-04-01 00:13:00",257,10025.8,8.75,0.4,1.679
"2024-04-02 23:59:00",468,12.65,17.09,9.92,24.84,74.84,44.75,98.4,11.97,9.55,14.43,0.996,251.9,76.3,3.62,"2024-04-02 15:29:00",277,20337.19,10.72,0,3.686
"2024-04-03 23:59:00",469,12.68,18.87,12.16,27.94,72.55,31.56,97.8,12.88,8.8,16.36,1.041,241.6,90.7,4,"2024-04-03 15:02:00",34,17938.11,9.28,0,3.364
"2024-04-04 23:59:00",470,12.66,22.38,11.9,33.6,59.4,13.46,96.7,11.6,1.813,16.6,0.906,189.6,96.1,4.92,"2024-04-04 15:44:00",337,21409.15,10.62,0,4.495
"2024-04-05 23:59:00",471,12.7,25.97,15.06,35.34,39.24,12.45,82,8.46,0.829,15.9,1.117,113.1,78.56,4.63,"2024-04-05 18:35:00",79,21651.82,10.68,0,4.815
"2024-04-06 23:59:00",472,12.7,25.11,17.15,32.7,37.21,13.92,75.15,8.21,-0.961,15.15,1.256,245.4,82.7,6.73,"2024-04-06 01:11:00",147,13010.24,9.17,0,3.441
"2024-04-07 23:59:00",473,12.67,20.23,15.77,26.94,67.67,40.67,89.5,13.57,12.03,14.68,1.88,274.4,49.17,5.5,"2024-04-07 05:52:00",255,19699.3,10.13,0,3.927
"2024-04-08 23:59:00",474,12.72,18.51,14.45,23.45,69.54,51.82,84.2,12.66,10.08,14.59,1.465,283.1,69.5,4.33,"2024-04-08 09:24:00",258,11397.86,7.683,0,2.251
"2024-04-09 23:59:00",475,12.64,19.71,10.96,30.1,55.91,16.99,88.9,9.08,1.618,13.25,1.069,42.69,62.99,4.78,"2024-04-09 18:25:00",1,24039.61,11,0,4.786
"2024-04-10 23:59:00",476,12.67,22.31,9.7,34.44,42.08,8.77,82.3,6.334,-3.523,10.76,0.878,217.4,97.3,3.72,"2024-04-10 15:41:00",4,24808.86,11.17,0,4.996
"2024-04-11 23:59:00",477,12.66,24.29,12.51,34.83,33.57,9.39,65.2,4.992,-2.855,9.95,0.866,189.4,85.7,3.49,"2024-04-11 13:37:00",137,24968.7,11.23,0,5.225
"2024-04-12 23:59:00",478,12.65,23.72,13.43,34.38,30.76,10.87,57.84,3.726,-2.964,9.1,0.864,69.22,82.6,4.24,"2024-04-12 18:29:00",28,25035.85,11.23,0,5.335
"2024-04-13 23:59:00",479,12.65,22.68,10.08,33.23,25.46,6.64,55.16,-0.318,-9.12,6.92,1.351,221,72.72,6.44,"2024-04-13 15:23:00",261,25649.57,11.25,0,5.964
"2024-04-14 23:59:00",480,12.7,24.13,13.04,32.9,24.87,10.73,49.11,1.487,-2.378,7.652,1.087,316.8,95.2,4.07,"2024-04-14 17:53:00",236,25088.82,11.17,0,5.424
"2024-04-15 23:59:00",481,12.7,24.53,13.86,32.76,26.06,5.833,52.28,2.245,-10.87,8.8,1.274,219.6,96.3,5.96,"2024-04-15 15:11:00",268,25332.43,11.3,0,5.699
"2024-04-16 23:59:00",482,12.68,24.2,12.69,34.74,34.36,7.795,64.18,5.314,-5.582,10.32,0.928,221.9,94.6,4.16,"2024-04-16 13:40:00",37,25243.42,11.12,0,5.283
"2024-04-17 23:59:00",483,12.66,24.09,15.2,33.08,39.71,18.63,63.33,8.66,5.61,10.63,1.333,263.6,72.01,5.25,"2024-04-17 19:03:00",265,22776.52,11.15,0,5.194
"2024-04-18 23:59:00",484,12.69,22.2,12.59,31.87,42.14,10.09,75.95,6.693,-4.768,12.45,1.058,237,70.21,4.81,"2024-04-18 18:22:00",259,22226.65,10.82,0,4.773
"2024-04-19 23:59:00",485,12.64,19.94,13.12,26.16,46.27,33.52,73.21,7.819,3.64,11.98,1.835,246,38.93,6.97,"2024-04-19 15:32:00",255,17811.13,10.88,0,4.168
"2024-04-20 23:59:00",486,12.67,16.56,13.69,19.48,73.3,55.83,94.5,11.54,9.76,13.8,1.574,225.1,45,5.4,"2024-04-20 23:22:00",271,8096.199,8.33,0.1,1.701
"2024-04-21 23:59:00",487,12.72,18.23,11.45,26.02,60.96,31.82,87.1,9.83,7.236,12.65,1.353,354.9,95.5,4.94,"2024-04-21 20:04:00",84,22518.67,10.47,0,4.322
"2024-04-22 23:59:00",488,12.65,20.27,10.69,29.16,49.49,18.48,87.8,7.381,1.419,11.52,0.895,24.58,90.4,4.38,"2024-04-22 12:57:00",315,24998.85,11.27,0,4.895
"2024-04-23 23:59:00",489,12.69,21.68,12.35,29.83,38.63,17.47,63.07,5.854,2.02,9.72,0.99,324.2,84.6,4.56,"2024-04-23 21:38:00",8,20200.42,10.95,0,4.43
"2024-04-24 23:59:00",490,12.68,21.88,13.21,31.69,35.57,6.331,57.8,3.49,-10.16,9.68,1.074,276.4,86.8,4.62,"2024-04-24 14:48:00",310,24858.03,11.18,0,5.265
"2024-04-25 23:59:00",491,12.69,19.3,12,26.73,46.58,18.23,79.59,6.203,0.086,11.09,2.221,272.2,32.28,5.61,"2024-04-25 17:42:00",274,25823.47,11.5,0,5.401
"2024-04-26 23:59:00",492,12.69,17.49,10.55,24.79,55.68,23.42,88.9,7.314,1.925,10.12,1.903,266.7,40.08,6.13,"2024-04-26 13:43:00",258,25749.03,11.48,0,4.86
"2024-04-27 23:59:00",493,12.68,17.37,13.14,23.81,54.06,30.75,71.54,7.527,4.525,9.17,1.636,287.5,50.64,6.64,"2024-04-27 19:21:00",313,18358.85,9.73,0,3.838
"2024-04-28 23:59:00",494,12.71,15,11.74,18.75,63.92,41.48,94.6,7.96,5.011,11.21,1.794,251.3,74.76,8.42,"2024-04-28 15:56:00",156,9356.19,8.7,0,2.168
"2024-04-29 23:59:00",495,12.65,14.26,9.46,20.38,63.86,29.5,97.3,6.418,1.617,11.18,1.374,293.3,72.25,6.46,"2024-04-29 15:49:00",319,18886.64,10.9,0,3.494
"2024-04-30 23:59:00",496,12.69,15.26,5.724,23.12,47.61,21.19,85.6,2.861,-0.987,6.793,0.905,73.72,99.4,4.42,"2024-04-30 17:56:00",2,26021.84,11.65,0,4.588
"2024-05-01 23:59:00",497,12.69,17.51,9.41,26.25,54.04,21.47,81.7,6.84,2.243,10.48,1.316,269.4,68.77,5.54,"2024-05-01 17:32:00",269,25747.85,11.57,0,4.993
"2024-05-02 23:59:00",498,12.66,18.8,9.82,27.24,56.45,27.31,88.7,8.68,5.097,11.78,1.017,289,89.5,7.62,"2024-05-02 14:32:00",350,23721.49,11.72,0,4.675
"2024-05-03 23:59:00",499,12.69,21.14,10.22,31.96,41.7,14.16,75.75,5.315,-0.263,9.91,1.138,243.4,74.72,4.52,"2024-05-03 17:08:00",0,26502.18,11.73,0,5.5
"2024-05-04 23:59:00",500,12.69,23.2,11.09,34.11,37.76,12.38,73.71,6.071,0.636,9.78,1.123,257.9,83.4,5.25,"2024-05-04 19:07:00",336,26234.89,11.67,0,5.646
"2024-05-05 23:59:00",501,12.66,23.43,12.39,33.94,35.35,13.46,62.96,5.692,0.597,10.28,1.318,306.4,82.1,5.16,"2024-05-05 19:32:00",24,26119.04,11.65,0,5.735
"2024-05-06 23:59:00",502,12.7,22.86,15.14,31.87,51,21.36,80.6,10.79,6.429,13.33,1.411,277.9,67.59,4.82,"2024-05-06 01:50:00",262,22707.84,11.37,0,4.8
"2024-05-07 23:59:00",503,12.67,25.61,14.89,36.88,42.04,11.47,79.43,8.8,1.585,14.17,0.981,308.5,97.5,4.73,"2024-05-07 15:28:00",356,27040.02,11.8,0,5.839
"2024-05-08 23:59:00",504,12.64,26.23,14.8,35.9,38.27,14.49,70.3,9.21,4.314,13.33,1.216,254,80.1,5.12,"2024-05-08 16:41:00",248,25989.1,11.85,0,5.873
"2024-05-09 23:59:00",505,12.67,27.68,17.06,35.88,30.6,13.42,57.29,7.315,1.46,12.34,1.072,260.5,94.2,3.44,"2024-05-09 23:58:00",251,18132.75,10.9,0,4.514
"2024-05-10 23:59:00",506,12.74,26.27,21.83,30.74,34.8,20.55,60.34,9.16,3.314,14.33,1.753,252.2,55.97,6.77,"2024-05-10 12:54:00",246,12380.23,9.63,0,4.187
"2024-05-11 23:59:00",507,12.73,24.17,18.74,33.03,53.51,26.17,77.38,13.3,9.85,15.67,1.772,256.1,56.76,5.91,"2024-05-11 18:04:00",257,16276.49,9.97,0,4.085
"2024-05-12 23:59:00",508,12.71,23.17,15.47,31.9,55.19,27.2,87.7,12.34,9.01,14.79,1.968,263,40.59,5.84,"2024-05-12 03:41:00",259,25775.43,11.58,0,5.524
"2024-05-13 23:59:00",509,12.72,23.54,14.92,32.54,48.18,21.56,75.8,10.87,7.232,13.17,1.868,265,34.77,6.82,"2024-05-13 18:29:00",247,25647.77,11.78,0,5.829
"2024-05-14 23:59:00",510,12.68,21.26,14.24,31.7,58.86,23.18,87.1,11.67,7.515,13.33,2.108,275.9,48.15,5.64,"2024-05-14 10:07:00",253,26807.16,11.78,0,5.404
"2024-05-15 23:59:00",511,12.68,19.68,12.26,28.91,54.77,26.3,82,9.34,5.178,11.26,1.542,279.6,50.02,5.52,"2024-05-15 14:09:00",233,27082.16,11.95,0,5.266
"2024-05-16 23:59:00",512,12.67,20.17,11.34,30.12,47.68,18.58,75.48,7.282,2.366,10.05,1.368,282.1,59.11,4.46,"2024-05-16 18:43:00",246,27285.52,11.97,0,5.385
"2024-05-17 23:59:00",513,12.7,20.64,13.18,29.49,48.04,19.41,70.48,8.18,2.936,11.71,2.027,272.7,40.7,5.67,"2024-05-17 19:17:00",298,27022.84,11.93,0,5.706
"2024-05-18 23:59:00",514,12.68,19.31,14.73,25.68,60.53,39.11,82.1,10.99,8.02,12.44,1.633,263,35.79,4.75,"2024-05-18 17:33:00",257,18097.98,11.05,0,3.715
"2024-05-19 23:59:00",515,12.7,17.67,13.71,23.29,59.08,41.4,76.02,9.29,6.931,11.54,1.897,275.9,46.87,5.66,"2024-05-19 20:55:00",339,11395.71,9.83,0,2.688
"2024-05-20 23:59:00",516,12.69,19.03,11.15,27,47.49,22.39,75.04,6.508,2.981,8.57,1.272,282.6,74.57,6.4,"2024-05-20 21:32:00",332,27625.64,12.05,0,5.429
"2024-05-21 23:59:00",517,12.67,19.85,11.18,29.38,47.81,21.35,73.63,7.334,4.252,9.62,1.124,291.2,82.1,5.27,"2024-05-21 21:09:00",339,27494.88,12.03,0,5.392
"2024-05-22 23:59:00",518,12.7,21.29,12.15,31.61,47.23,21.43,75.3,8.33,4.606,10.84,1.32,260.7,71.51,5.32,"2024-05-22 16:47:00",189,25475.05,11.25,0,5.321
"2024-05-23 23:59:00",519,12.68,22.21,14.92,31.25,44.42,22.57,62.4,8.76,7.058,10.34,1.792,268.9,47.6,7.39,"2024-05-23 16:45:00",244,26933.31,11.92,0,5.866
"2024-05-24 23:59:00",520,12.67,20.9,13.63,28.6,53.87,26.53,88.6,10.19,7.266,12.22,2.196,276.3,43.72,6.23,"2024-05-24 09:18:00",260,26519.59,12.03,0,5.365
"2024-05-25 23:59:00",521,12.73,22,15.21,28.92,52.56,35.15,76.73,11.46,7.989,14.2,2.195,260.5,25.6,7.24,"2024-05-25 10:42:00",251,21599.69,11.5,0,4.825
"2024-05-26 23:59:00",522,12.72,24.55,16.28,34.44,51.56,28.4,76.64,13.1,11.24,14.68,1.797,273.1,41.65,6.5,"2024-05-26 19:19:00",264,25451.75,11.65,0,5.729
"2024-05-27 23:59:00",523,12.69,25.73,16.46,36.71,51.29,25.26,83.5,13.7,12.18,15.45,1.945,268.9,58.87,8.61,"2024-05-27 20:17:00",247,25469.04,11.77,0,5.99
"2024-05-28 23:59:00",524,12.71,27.44,17.19,38.24,44.71,18.26,75.27,12.79,9.24,15.62,1.449,262.7,70.27,5.99,"2024-05-28 23:52:00",255,25953.35,11.92,0,5.866
"2024-05-29 23:59:00",525,12.69,29.99,16.8,42.21,31.15,8.13,58.91,8.94,0.83,13.08,1.22,33.66,89.3,5.48,"2024-05-29 01:29:00",266,26102.52,11.77,0,6.078
"2024-05-30 23:59:00",526,12.69,29.77,21.99,39.22,38.8,13.59,68.54,12.47,4.791,17.42,1.829,355.6,92.6,6.36,"2024-05-30 01:23:00",273,22602.93,10.8,0,5.942
"2024-05-31 23:59:00",527,12.72,28.93,19.52,38.3,42.28,18.15,76.07,13.26,5.277,17.02,1.483,271.3,71.72,8.39,"2024-05-31 22:41:00",251,22341.81,11.25,0,5.412
"2024-06-01 23:59:00",528,12.72,27.34,18.51,37.47,47.08,18.45,76.04,13.82,7.025,16.16,1.813,286.1,72.86,8.23,"2024-06-01 22:02:00",249,25458.46,11.82,0,6.067
"2024-06-02 23:59:00",529,12.69,25.8,17.48,35.45,51.52,21.25,84.9,13.77,8.58,16.56,2.169,266.4,40.34,7.22,"2024-06-02 19:29:00",280,25546.27,11.6,0,6.165
"2024-06-03 23:59:00",530,12.7,23.3,16.81,30.89,60.16,33.07,86.2,14.43,12.27,15.84,1.902,277.5,32.48,6.07,"2024-06-03 15:11:00",257,24713.2,11.17,0,5.405
"2024-06-04 23:59:00",531,12.7,22.66,16.77,30.88,62.97,36.48,84.5,14.6,13.71,16.4,1.896,274.6,56.04,7.01,"2024-06-04 19:24:00",291,21925.72,9.78,0,4.777
